1
3
4
2
86355
2
34879
2
51375
2
82465
2
5258
2
75877
2
1128
2
47387
2
80944
2
22284
2
78944
2
91524
2
46238
2
86611
2
55898
2
88446
2
58293
2
2510
2
9619
2
57191
2
55139
2
22752
2
74829
2
40710
2
62220
2
33523
2
58712
2
2213
2
85453
2
74903
2
86360
2
9633
2
9781
2
75562
2
92099
2
52866
2
51438
2
93227
2
38079
2
32381
2
53337
2
17023
2
61731
2
99575
2
41460
2
55456
2
88021
2
99753
2
57966
2
35466
2
56944
2
50932
2
96046
2
69599
2
29468
2
96092
2
3121
2
88180
2
36131
2
26401
2
63082
2
22490
2
36034
2
10690
2
35878
2
65959
2
1382
2
87316
2
59185
2
39462
2
57524
2
50349
2
56485
2
57081
2
49923
2
97945
2
12536
2
75770
2
35523
2
8329
2
49063
2
30293
2
97088
2
45108
2
99892
2
26555
2
79026
2
3013
2
14734
2
15156
2
67241
2
15643
2
75473
2
3274
2
26333
2
11351
2
69234
2
27715
2
36493
2
66245
2
5003
2
31843
2
16593
2
61488
2
88925
2
4343
2
97259
2
1460
2
80113
2
32782
2
47616
2
67002
2
63075
2
44703
2
12109
2
793
2
71258
2
28961
2
41633
2
23819
2
44117
2
8873
2
39462
2
19590
2
12147
2
3621
2
68768
2
19207
2
69163
2
5260
2
23279
2
74167
2
37104
2
39872
2
35654
2
26028
2
82042
2
70740
2
65315
2
62155
2
3521
2
50758
2
66983
2
4422
2
95461
2
79093
2
43042
2
4545
2
45880
2
84675
2
28364
2
89998
2
93548
2
67826
2
47414
2
43522
2
9273
2
16181
2
62729
2
78436
2
21441
2
86008
2
52602
2
96372
2
63707
2
26083
2
60226
2
45748
2
96823
2
63368
2
45729
2
38170
2
14125
2
12712
2
80419
2
9585
2
29631
2
23461
2
14130
2
75511
2
8135
2
42494
2
3334
2
39510
2
48146
2
50748
2
83032
2
57419
2
4755
2
83587
2
35855
2
26197
2
7421
2
26283
2
60395
2
8954
2
52366
2
58448
2
92529
2
49188
2
21815
2
76085
2
87358
2
35940
2
88797
2
5603
2
83352
2
56254
2
29064
2
97483
2
69591
2
75026
2
77803
2
10752
2
14535
2
63776
2
61500
2
35393
2
21194
2
66256
2
56807
2
94876
2
30279
2
64228
2
21159
2
28500
2
11008
2
11351
2
86948
2
3536
2
60540
2
8762
2
79621
2
85724
2
44702
2
6243
2
91327
2
28054
2
323
2
20390
2
63363
2
69915
2
33243
2
78992
2
80667
2
47778
2
42767
2
79993
2
20998
2
1788
2
84075
2
77805
2
96664
2
14353
2
79859
2
55649
2
80681
2
90867
2
67001
2
67628
2
94403
2
65367
2
76391
2
74024
2
51090
2
58919
2
18093
2
80244
2
24799
2
18417
2
38460
2
25988
2
26158
2
71703
2
4980
2
44651
2
57308
2
47747
2
62470
2
78306
2
49535
2
46545
2
56110
2
84026
2
98725
2
73795
2
77501
2
79405
2
64661
2
82328
2
47033
2
59063
2
47694
2
61250
2
70913
2
36611
2
57995
2
26833
2
16854
2
82795
2
45250
2
55314
2
8782
2
9234
2
27017
2
13762
2
53885
2
84325
2
99337
2
16354
2
456
2
86698
2
725
2
94393
2
8549
2
99451
2
68187
2
86051
2
78855
2
32847
2
68378
2
63714
2
29736
2
16072
2
62790
2
38476
2
52683
2
20785
2
65309
2
69537
2
41406
2
48385
2
62677
2
50188
2
57619
2
89694
2
1777
2
49330
2
11844
2
38940
2
3510
2
12300
2
25637
2
4236
2
6692
2
34187
2
3686
2
74879
2
58064
2
20367
2
45552
2
26441
2
21908
2
75289
2
80340
2
84698
2
13764
2
70849
2
43309
2
16899
2
78212
2
84715
2
65284
2
40889
2
72730
2
22902
2
68409
2
74507
2
10058
2
80254
2
51273
2
13568
2
30380
2
76910
2
17804
2
37073
2
48923
2
59317
2
49778
2
44813
2
17511
2
95331
2
71255
2
77246
2
70619
2
89421
2
99770
2
22209
2
60270
2
43079
2
39108
2
76308
2
27793
2
4391
2
17196
2
522
2
65120
2
85606
2
12855
2
13004
2
3685
2
64128
2
26572
2
34065
2
78865
2
82204
2
71138
2
65614
2
79347
2
58743
2
10427
2
34684
2
54073
2
81682
2
11929
2
62518
2
8928
2
11699
2
84727
2
7024
2
92605
2
23834
2
83333
2
58224
2
66052
2
528
2
96574
2
68998
2
23960
2
9428
2
82002
2
65472
2
11383
2
46400
2
99538
2
90248
2
66430
2
8501
2
55861
2
45777
2
67244
2
66288
2
80461
2
59143
2
85796
2
30217
2
21660
2
32551
2
79743
2
6386
2
39575
2
72347
2
68047
2
22907
2
68397
2
71925
2
61263
2
64970
2
78749
2
23049
2
74399
2
98577
2
88522
2
23608
2
44977
2
25885
2
13855
2
49233
2
34386
2
7542
2
95010
2
39457
2
11657
2
13297
2
98600
2
35279
2
81341
2
58087
2
67830
2
61083
2
64473
2
45232
2
71256
2
70347
2
68139
2
39652
2
42271
2
29401
2
4622
2
58847
2
52451
2
16847
2
57423
2
78799
2
40455
2
40226
2
4683
2
54310
2
89460
2
76896
2
99679
2
84469
2
54179
2
49162
2
35592
2
90606
2
84442
2
16932
2
48692
2
90098
2
78015
2
50991
2
35329
2
87097
2
21337
2
3468
2
26749
2
1435
2
70696
2
31371
2
60282
2
60973
2
86045
2
17704
2
39771
2
26499
2
57931
2
82281
2
18635
2
47390
2
59177
2
18313
2
69685
2
13355
2
67476
2
43104
2
3960
2
89744
2
60036
2
52652
2
79841
2
75878
2
3643
2
15170
2
62974
2
62807
2
56465
2
27549
2
64242
2
64987
2
96747
2
24523
2
63787
2
82791
2
80055
2
3557
2
9289
2
37985
2
23665
2
27924
2
23201
2
82842
2
84065
2
30712
2
34023
2
89367
2
73816
2
37984
2
79110
2
33852
2
28462
2
58950
2
47556
2
69932
2
11946
2
48356
2
32739
2
6237
2
75906
2
34807
2
71225
2
72652
2
97158
2
35011
2
93270
2
77212
2
76395
2
2558
2
53023
2
37886
2
68310
2
14050
2
20727
2
52374
2
44762
2
92578
2
79567
2
18578
2
30561
2
58676
2
90257
2
96850
2
55452
2
75639
2
4608
2
67399
2
23994
2
75174
2
11462
2
37726
2
9980
2
20513
2
48205
2
44964
2
93351
2
41474
2
22175
2
7572
2
44032
2
75198
2
45458
2
50168
2
27074
2
4012
2
40368
2
71837
2
96590
2
19934
2
90415
2
64977
2
78610
2
18497
2
61826
2
34062
2
94136
2
66434
2
39287
2
55956
2
79434
2
88576
2
93683
2
89415
2
9089
2
41887
2
34378
2
2439
2
21187
2
94381
2
47838
2
65219
2
7404
2
93297
2
53214
2
34479
2
97309
2
93582
2
6315
2
93898
2
13516
2
34556
2
58874
2
29952
2
90880
2
58526
2
1840
2
22841
2
62787
2
78954
2
78797
2
42220
2
67530
2
10305
2
69461
2
14445
2
90019
2
41666
2
16884
2
11205
2
36046
2
64723
2
14251
2
81277
2
95846
2
67465
2
15755
2
93154
2
98873
2
59897
2
24877
2
12388
2
32279
2
21577
2
80168
2
23158
2
80103
2
82008
2
83826
2
80716
2
60962
2
449
2
22936
2
66318
2
48581
2
92397
2
80763
2
38600
2
71889
2
35473
2
87632
2
7934
2
38022
2
1882
2
27038
2
33867
2
7173
2
42793
2
64847
2
43873
2
40517
2
27550
2
94088
2
72796
2
49127
2
74255
2
33781
2
67057
2
56263
2
55433
2
47772
2
55051
2
55882
2
8534
2
21368
2
4463
2
931
2
2130
2
80890
2
72820
2
37603
2
68521
2
18581
2
75626
2
8230
2
45619
2
47319
2
53230
2
26238
2
12166
2
97103
2
66755
2
39716
2
91191
2
77378
2
26670
2
65445
2
48985
2
93727
2
59534
2
4417
2
79325
2
52411
2
60300
2
87860
2
73779
2
2589
2
26617
2
13735
2
83479
2
99437
2
89166
2
51999
2
55844
2
2617
2
98056
2
39289
2
49936
2
51286
2
65528
2
62102
2
48388
2
70109
2
39645
2
77405
2
85313
2
66315
2
80677
2
34297
2
97868
2
78037
2
38715
2
77192
2
30448
2
36841
2
65051
2
42053
2
39430
2
91668
2
55789
2
22908
2
28931
2
82781
2
12733
2
22601
2
85398
2
10789
2
61891
2
35333
2
99902
2
65245
2
35262
2
86116
2
73180
2
74907
2
63521
2
58493
2
79048
2
44197
2
30616
2
76915
2
22233
2
69331
2
91933
2
90508
2
43998
2
94811
2
32561
2
83428
2
86478
2
26176
2
44162
2
53235
2
8956
2
94723
2
13663
2
94354
2
43338
2
13380
2
67513
2
43239
2
78625
2
2774
2
29354
2
89631
2
15507
2
30701
2
48123
2
94555
2
74898
2
78740
2
9295
2
34958
2
85897
2
1228
2
63292
2
67722
2
96039
2
33679
2
51149
2
20342
2
59855
2
33138
2
11404
2
6637
2
27860
2
25067
2
38817
2
71198
2
38447
2
6330
2
52263
2
54898
2
9104
2
81617
2
44528
2
24612
2
12318
2
30478
2
56993
2
25042
2
47044
2
66289
2
97827
2
70767
2
5343
2
61119
2
38488
2
1381
2
32624
2
27464
2
59550
2
92480
2
60602
2
70954
2
36943
2
26288
2
96021
2
75761
2
35312
2
72294
2
82091
2
87575
2
27191
2
29021
2
7017
2
9546
2
91460
2
57162
2
40024
2
48453
2
20031
2
87068
2
52568
2
17857
2
95661
2
57911
2
16802
2
34149
2
97119
2
49427
2
61613
2
94495
2
79733
2
60041
2
65449
2
16675
2
24155
2
99296
2
92436
2
59467
2
9416
2
12352
2
84868
2
36607
2
79201
2
29711
2
46153
2
70660
2
86874
2
24003
2
56939
2
6904
2
48897
2
9506
2
62588
2
44558
2
5243
2
79391
2
78707
2
40188
2
66644
2
78146
2
34683
2
46376
2
38186
2
37958
2
877
2
62341
2
37253
2
93314
2
59634
2
84496
2
43492
2
82328
2
21103
2
22692
2
12038
2
5082
2
93353
2
98912
2
66913
2
88118
2
43642
2
15809
2
97625
2
6230
2
60367
2
40694
2
85621
2
39073
2
80883
2
90091
2
55045
2
15565
2
74293
2
31057
2
91350
2
75170
2
93398
2
66429
2
6309
2
90858
2
50925
2
49802
2
73185
2
72028
2
72494
2
23050
2
14936
2
3672
2
21961
2
81849
2
91791
2
65604
2
97659
2
27241
2
9660
2
95852
2
67935
2
33107
2
72752
2
86644
2
23197
2
27796
2
2208
2
97490
2
58854
2
31384
2
72659
2
90078
2
97814
2
78969
2
18762
2
48738
2
66597
2
91947
2
58592
2
39090
2
52823
2
73528
2
42763
2
74785
2
93204
2
72380
2
78215
2
28688
2
99621
2
87875
2
24539
2
67555
2
20981
2
97291
2
54199
2
82005
2
62914
2
94234
2
79494
2
21767
2
25618
2
89979
2
49671
2
23431
2
6773
2
68433
2
9995
2
73370
2
98207
2
68587
2
12460
2
51029
2
42114
2
93050
2
25813
2
73144
2
3255
2
41854
2
1831
2
2875
2
67555
2
64198
2
8256
2
88536
2
61488
2
281
2
8366
2
24401
2
32342
2
87860
2
83995
2
95787
2
15665
2
33666
2
57044
2
22438
2
2098
2
67039
2
95809
2
304
2
35625
2
46095
2
51334
2
15565
2
76971
2
14973
2
88710
2
18052
2
56828
2
28367
2
20927
2
24382
2
92565
2
67010
2
50745
2
54053
2
67292
2
59111
2
16280
2
37460
2
84798
2
275
2
33246
2
462
2
71768
2
90290
2
60727
2
73866
2
57328
2
94362
2
11997
2
30779
2
78283
2
63331
2
46344
2
93080
2
78304
2
35053
2
11131
2
72958
2
1247
2
32058
2
35167
2
93812
2
36895
2
85912
2
85691
2
42013
2
82849
2
1971
2
79473
2
5472
2
40073
2
12718
2
5934
2
11840
2
3007
2
4488
2
23532
2
98162
2
98850
2
35529
2
28940
2
77133
2
36686
2
75284
2
70212
2
52817
2
48164
2
19170
2
25774
2
49411
2
89055
2
60941
2
81049
2
25949
2
84679
2
66740
2
67962
2
5354
2
68711
2
47434
2
10826
2
46610
2
97979
2
54588
2
96277
2
985
2
59076
2
19808
2
36973
2
57925
2
93165
2
3739
2
72884
2
29850
2
79024
2
80923
2
82667
2
65014
2
92
2
46268
2
52251
2
89147
2
45035
2
33299
2
52923
2
67541
2
37865
2
20884
2
72895
2
44402
2
6145
2
21547
2
91012
2
4123
2
76135
2
25114
2
42936
2
35210
2
44923
2
79909
2
30962
2
75914
2
83649
2
41672
2
5763
2
498
2
22594
2
26257
2
3338
2
60513
2
10351
2
93416
2
49660
2
55386
2
64541
2
2582
2
60753
2
2406
2
61293
2
33647
2
46808
2
67438
2
55195
2
75647
2
71562
2
69156
2
760
2
14497
2
4366
2
45683
2
32232
2
73155
2
59423
2
53707
2
14826
2
3013
2
54205
2
37421
2
29270
2
57543
2
97934
2
77448
2
88785
2
85420
2
70660
2
53326
2
25828
2
31413
2
55732
2
87122
2
2886
2
2539
2
92386
2
95908
2
78186
2
1773
2
65064
2
78947
2
54097
2
7256
2
62456
2
86330
2
80411
2
21879
2
40036
2
95237
2
62719
2
32068
2
70484
2
29815
2
27437
2
6244
2
7262
2
16222
2
91664
2
77922
2
69548
2
55319
2
47161
2
25279
2
80267
2
50048
2
65645
2
72652
2
45955
2
81658
2
74426
2
48845
2
98431
2
28522
2
56101
2
60886
2
52678
2
74338
2
20591
2
30541
2
7401
2
83310
2
62609
2
77885
2
13124
2
90046
2
21955
2
58213
2
6267
2
51446
2
73962
2
13641
2
6764
2
21122
2
76747
2
87031
2
71170
2
42392
2
97509
2
54952
2
61876
2
71934
2
3796
2
60306
2
38283
2
59898
2
59018
2
28787
2
34235
2
17436
2
59328
2
79463
2
38572
2
21936
2
57348
2
89524
2
11982
2
17129
2
47736
2
56076
2
68575
2
21697
2
7544
2
75339
2
42820
2
84291
2
195
2
51816
2
64509
2
97705
2
6767
2
26384
2
7464
2
10564
2
86690
2
83574
2
8288
2
45708
2
12361
2
80350
2
970
2
71689
2
59813
2
39542
2
93626
2
54987
2
29065
2
43434
2
72116
2
14628
2
37336
2
40691
2
36325
2
44880
2
53856
2
16971
2
29171
2
91879
2
68788
2
93680
2
89583
2
13381
2
20064
2
34873
2
61772
2
44580
2
18447
2
7886
2
28114
2
30808
2
88237
2
29084
2
2496
2
85876
2
6453
2
33948
2
78689
2
35518
2
77382
2
50804
2
50146
2
52545
2
29321
2
24298
2
97425
2
21004
2
79096
2
26595
2
12882
2
85710
2
58102
2
40291
2
99092
2
15992
2
75164
2
98690
2
60572
2
31437
2
6576
2
26513
2
71
2
32639
2
55597
2
2568
2
18514
2
62050
2
74343
2
97203
2
35395
2
89552
2
85833
2
23367
2
42096
2
52981
2
47665
2
39520
2
73985
2
64588
2
3942
2
24693
2
50297
2
99871
2
64984
2
87215
2
15862
2
77974
2
85905
2
14260
2
47238
2
92481
2
40773
2
47309
2
25119
2
34197
2
87704
2
81460
2
34073
2
62047
2
16488
2
69468
2
89425
2
2320
2
30662
2
31520
2
55301
2
16153
2
8866
2
67112
2
80741
2
50635
2
91805
2
31038
2
50505
2
94615
2
56079
2
4193
2
10415
2
79810
2
18454
2
57653
2
72290
2
97054
2
4961
2
35235
2
31250
2
30492
2
54521
2
3150
2
92539
2
71009
2
72618
2
81963
2
73330
2
3279
2
51309
2
66457
2
19433
2
60175
2
33569
2
38000
2
10810
2
63200
2
6864
2
99142
2
57815
2
62944
2
3335
2
68230
2
42753
2
59616
2
63709
2
52870
2
56669
2
6496
2
25931
2
25746
2
36988
2
80453
2
28896
2
67353
2
89288
2
39340
2
49315
2
62617
2
80447
2
38450
2
66901
2
37706
2
36452
2
38296
2
75706
2
47262
2
1495
2
20397
2
84230
2
59310
2
83341
2
25391
2
65366
2
63920
2
85007
2
29074
2
16789
2
79503
2
35571
2
80548
2
5248
2
10385
2
98827
2
71971
2
77739
2
88114
2
49137
2
64880
2
88558
2
29583
2
3330
2
55458
2
67289
2
39782
2
93754
2
80822
2
24870
2
95249
2
1218
2
9099
2
92386
2
22385
2
34491
2
95578
2
86305
2
57324
2
24652
2
40921
2
36826
2
98050
2
59295
2
79901
2
8434
2
58121
2
51871
2
86173
2
46234
2
1008
2
51053
2
34791
2
68418
2
92210
2
90249
2
73534
2
31991
2
21828
2
54355
2
56861
2
54904
2
93400
2
3786
2
47289
2
53611
2
76104
2
42866
2
39915
2
33428
2
5344
2
18662
2
70254
2
41220
2
15783
2
87982
2
87482
2
73904
2
39852
2
11480
2
20138
2
78687
2
359
2
92756
2
47105
2
92569
2
20831
2
20638
2
24559
2
42659
2
74993
2
19246
2
35389
2
6218
2
60860
2
82678
2
59829
2
36963
2
63371
2
37570
2
8217
2
6541
2
94060
2
16298
2
47762
2
9842
2
4279
2
35243
2
83747
2
81958
2
46723
2
41711
2
60645
2
47083
2
34466
2
7749
2
77478
2
93124
2
28387
2
39864
2
35783
2
41206
2
96937
2
8998
2
85251
2
57796
2
91677
2
45079
2
32586
2
92874
2
20475
2
40803
2
99415
2
14534
2
94928
2
85003
2
62204
2
99207
2
58072
2
45950
2
18991
2
42622
2
25487
2
79636
2
27531
2
97780
2
87385
2
5008
2
90904
2
53598
2
44872
2
64513
2
32630
2
41809
2
73511
2
17880
2
37431
2
3013
2
785
2
70017
2
33713
2
21260
2
48647
2
70955
2
73622
2
43574
2
55957
2
35825
2
80608
2
51856
2
19601
2
99599
2
94478
2
82915
2
17060
2
22008
2
18520
2
42271
2
27016
2
9423
2
33695
2
9715
2
11762
2
66325
2
89351
2
23100
2
22031
2
26781
2
26113
2
22816
2
96799
2
59827
2
81903
2
45445
2
68608
2
93351
2
26845
2
24564
2
67002
2
45279
2
14246
2
24429
2
82704
2
8723
2
7343
2
99764
2
30731
2
25864
2
79861
2
95575
2
73114
2
13555
2
43116
2
84877
2
79880
2
32466
2
7976
2
39737
2
59247
2
71916
2
379
2
56045
2
69569
2
20109
2
39316
2
38176
2
13459
2
3988
2
567
2
18288
2
49267
2
14813
2
42717
2
69798
2
61364
2
50061
2
7387
2
92095
2
13751
2
87249
2
25495
2
86865
2
803
2
68611
2
9567
2
18510
2
1076
2
55370
2
58247
2
60324
2
65113
2
96454
2
54195
2
34681
2
16562
2
93512
2
10684
2
67848
2
35326
2
49078
2
86136
2
22419
2
1717
2
28853
2
92217
2
63081
2
16740
2
99605
2
55176
2
30491
2
24679
2
18497
2
55182
2
63309
2
87109
2
64750
2
81819
2
26011
2
57946
2
77893
2
86335
2
23058
2
74346
2
78357
2
95567
2
28734
2
9694
2
44077
2
96582
2
45020
2
93155
2
82718
2
67439
2
94872
2
11570
2
97483
2
57953
2
66137
2
34913
2
50955
2
96628
2
59592
2
7278
2
89636
2
22900
2
32213
2
54385
2
42546
2
58225
2
50158
2
58265
2
82386
2
73216
2
70437
2
60742
2
6608
2
99171
2
70436
2
50685
2
95752
2
53282
2
43839
2
16295
2
20721
2
76538
2
65692
2
56030
2
72317
2
31828
2
90943
2
23271
2
66282
2
50534
2
68376
2
55918
2
11260
2
589
2
48129
2
91633
2
58814
2
98287
2
87724
2
41199
2
9329
2
58160
2
39768
2
15937
2
95157
2
48030
2
66623
2
28735
2
1312
2
48288
2
45030
2
59860
2
24825
2
10722
2
15889
2
97142
2
80377
2
6831
2
58239
2
46659
2
95192
2
26615
2
2576
2
44278
2
27204
2
50705
2
35911
2
23844
2
48992
2
23634
2
65043
2
58321
2
19621
2
42637
2
12084
2
14777
2
90668
2
78707
2
43512
2
91980
2
26995
2
26369
2
51839
2
89647
2
37091
2
5554
2
86789
2
17467
2
12385
2
82854
2
1952
2
45403
2
9468
2
4528
2
89681
2
74499
2
55234
2
63418
2
98343
2
42052
2
24879
2
1212
2
38199
2
44500
2
81676
2
50283
2
97104
2
72343
2
28990
2
40616
2
2148
2
93812
2
66985
2
91814
2
83458
2
41902
2
97368
2
8072
2
97196
2
9752
2
28753
2
99149
2
92982
2
76048
2
3676
2
82663
2
50547
2
96737
2
83907
2
86716
2
38788
2
8785
2
25754
2
14813
2
91112
2
7430
2
65097
2
26042
2
79773
2
31913
2
4484
2
19748
2
25724
2
9295
2
11561
2
47008
2
51197
2
8929
2
92908
2
86219
2
56508
2
21660
2
85367
2
49490
2
97708
2
26870
2
32152
2
86081
2
61433
2
53885
2
72797
2
38048
2
62671
2
36377
2
52861
2
91609
2
43807
2
17957
2
17650
2
61407
2
49870
2
59961
2
81155
2
13420
2
69256
2
92716
2
60429
2
20452
2
39471
2
53336
2
44498
2
95980
2
12822
2
67691
2
45469
2
10529
2
32387
2
15447
2
34437
2
93821
2
69332
2
7233
2
31868
2
69829
2
43610
2
22555
2
99265
2
25244
2
78340
2
54741
2
86651
2
28209
2
14702
2
5631
2
79457
2
83958
2
98347
2
77712
2
42237
2
75645
2
31047
2
86735
2
71624
2
81696
2
54425
2
17092
2
30051
2
86813
2
70366
2
64488
2
18459
2
39697
2
71721
2
50327
2
47353
2
53158
2
10708
2
46617
2
16228
2
89048
2
1357
2
2878
2
55084
2
16059
2
46336
2
34540
2
17
2
82509
2
12251
2
42254
2
58153
2
81125
2
28988
2
29776
2
62820
2
21239
2
84695
2
92871
2
8051
2
55060
2
57359
2
64337
2
32584
2
66906
2
52490
2
79937
2
57890
2
63199
2
26553
2
74118
2
52246
2
27910
2
14822
2
7329
2
81797
2
98985
2
79696
2
81814
2
81494
2
91947
2
61894
2
39646
2
10897
2
28708
2
7249
2
73717
2
49947
2
91944
2
4414
2
95826
2
84831
2
99600
2
60162
2
17414
2
4331
2
12652
2
35177
2
48
2
75851
2
61730
2
11992
2
65923
2
27466
2
26815
2
11079
2
9262
2
25799
2
90775
2
28902
2
45119
2
20548
2
90796
2
84766
2
31445
2
19503
2
92015
2
42989
2
69451
2
21784
2
85230
2
3102
2
44441
2
22655
2
63264
2
99682
2
26986
2
75916
2
34858
2
27034
2
89593
2
96588
2
39027
2
55516
2
61881
2
3668
2
66595
2
8969
2
67294
2
95196
2
37872
2
12413
2
53570
2
28667
2
35005
2
22842
2
85998
2
64846
2
3657
2
55448
2
86630
2
88887
2
58550
2
68898
2
11541
2
59640
2
68579
2
76354
2
35556
2
3437
2
41215
2
62975
2
37851
2
80242
2
18490
2
99732
2
21736
2
22911
2
8701
2
89030
2
55934
2
84400
2
39269
2
9503
2
13066
2
74274
2
32345
2
99064
2
76946
2
36002
2
92338
2
63576
2
62715
2
88714
2
70300
2
12082
2
48354
2
38878
2
88437
2
21736
2
42315
2
29651
2
84711
2
17993
2
47719
2
41028
2
17724
2
69455
2
1765
2
64252
2
96311
2
57699
2
86478
2
73407
2
5029
2
99545
2
85507
2
37374
2
36434
2
62453
2
11203
2
66599
2
63855
2
73918
2
93139
2
34154
2
23827
2
79319
2
73032
2
12263
2
38881
2
53174
2
79741
2
61419
2
71167
2
27459
2
2446
2
26717
2
34740
2
42038
2
28796
2
68877
2
99738
2
15273
2
80110
2
4766
2
52644
2
65617
2
79967
2
26905
2
65896
2
28996
2
31330
2
29750
2
2914
2
24468
2
1730
2
26741
2
3787
2
12588
2
76831
2
80495
2
3588
2
56571
2
41913
2
74755
2
21856
2
82186
2
39299
2
94423
2
24224
2
5921
2
63299
2
61788
2
21194
2
43409
2
66554
2
11665
2
46852
2
84347
2
38570
2
12747
2
13343
2
7726
2
80324
2
54084
2
32194
2
19880
2
18651
2
73808
2
70295
2
33308
2
54303
2
73884
2
27705
2
34042
2
86465
2
49561
2
16228
2
25763
2
43983
2
40452
2
31684
2
45108
2
2239
2
90706
2
26343
2
6619
2
40197
2
11021
2
28792
2
78767
2
61595
2
42135
2
86493
2
79745
2
34045
2
56513
2
99625
2
52696
2
68148
2
69920
2
86004
2
60277
2
43803
2
13708
2
94319
2
68094
2
1095
2
10546
2
93858
2
82905
2
88825
2
63368
2
65840
2
91064
2
91900
2
30009
2
35509
2
32096
2
41031
2
64302
2
48689
2
2625
2
44263
2
73008
2
82371
2
78309
2
67348
2
19821
2
68831
2
35495
2
89741
2
92662
2
95772
2
71370
2
44196
2
90090
2
39464
2
45292
2
38463
2
71148
2
66023
2
27287
2
72342
2
31862
2
56178
2
2068
2
61872
2
29513
2
71991
2
40729
2
93815
2
20680
2
81181
2
38078
2
31514
2
1377
2
16386
2
98862
2
21199
2
23043
2
72183
2
48766
2
15704
2
5780
2
57963
2
59901
2
95871
2
35253
2
43019
2
72160
2
44227
2
9041
2
99447
2
16568
2
40904
2
93451
2
56463
2
40602
2
22964
2
28454
2
81331
2
16778
2
86961
2
337
2
92683
2
18474
2
1715
2
46895
2
55163
2
22914
2
69939
2
65172
2
71680
2
85643
2
70953
2
67469
2
83370
2
4649
2
2721
2
26388
2
76809
2
46948
2
35430
2
14081
2
63517
2
14160
2
7532
2
57806
2
54762
2
30496
2
86260
2
73919
2
85101
2
73220
2
74256
2
15610
2
29521
2
75971
2
62505
2
22510
2
36711
2
32443
2
87682
2
46218
2
55913
2
58634
2
13686
2
39282
2
63283
2
16408
2
65671
2
77918
2
63356
2
38927
2
92000
2
64699
2
53087
2
99532
2
22505
2
45675
2
67854
2
46591
2
57420
2
90781
2
19811
2
69502
2
6390
2
87159
2
45473
2
68896
2
9668
2
20010
2
39165
2
97350
2
66228
2
32904
2
93811
2
79915
2
72187
2
94920
2
34149
2
75684
2
72838
2
35331
2
52437
2
2663
2
30
2
5523
2
2194
2
60362
2
89025
2
7874
2
6952
2
46444
2
98655
2
64590
2
15945
2
5045
2
51748
2
99245
2
11767
2
99243
2
19255
2
50932
2
34419
2
23309
2
83837
2
28229
2
3223
2
93850
2
60975
2
75199
2
7359
2
71639
2
10530
2
59796
2
74302
2
48387
2
3145
2
14322
2
8748
2
92170
2
22196
2
53527
2
76440
2
20851
2
55944
2
92385
2
63723
2
45518
2
29456
2
75490
2
44761
2
48711
2
64248
2
17006
2
9846
2
48084
2
45235
2
50897
2
79760
2
44036
2
26095
2
24945
2
15675
2
36625
2
84741
2
89977
2
85012
2
25712
2
4299
2
31586
2
55708
2
26495
2
22940
2
32147
2
85173
2
78884
2
62359
2
86722
2
24401
2
29641
2
62211
2
6988
2
78352
2
64286
2
23994
2
26024
2
12369
2
7055
2
76921
2
29956
2
51092
2
3016
2
54901
2
4593
2
77468
2
77469
2
94570
2
306
2
3180
2
36695
2
31892
2
96716
2
1017
2
54832
2
66689
2
86190
2
71542
2
66874
2
10738
2
33770
2
96515
2
10775
2
40758
2
12692
2
75061
2
2579
2
38717
2
25257
2
9634
2
15637
2
55213
2
98553
2
18653
2
10113
2
3145
2
33948
2
25408
2
35542
2
34254
2
66416
2
72237
2
66146
2
63131
2
73254
2
58805
2
29819
2
97271
2
68173
2
34520
2
8008
2
1942
2
31034
2
18783
2
42701
2
43727
2
93845
2
83107
2
82444
2
19101
2
30567
2
35907
2
12140
2
29120
2
92388
2
60080
2
70092
2
26335
2
85489
2
5633
2
60589
2
51904
2
77871
2
64561
2
52861
2
51124
2
61192
2
82680
2
48394
2
29365
2
55026
2
94229
2
31307
2
86061
2
13012
2
11834
2
67614
2
44683
2
32767
2
87884
2
1610
2
63335
2
23790
2
13750
2
92455
2
16177
2
73830
2
62546
2
80339
2
59318
2
6006
2
78754
2
49048
2
83877
2
81142
2
1908
2
72827
2
42333
2
22415
2
21221
2
9524
2
77441
2
15449
2
78659
2
1327
2
66288
2
28319
2
68941
2
10970
2
61087
2
56824
2
12580
2
24421
2
80615
2
64157
2
54702
2
34618
2
37987
2
55074
2
14957
2
35131
2
61080
2
31537
2
84180
2
82783
2
12678
2
23914
2
55610
2
92839
2
46329
2
14657
2
2362
2
23770
2
67933
2
18847
2
25097
2
34221
2
84994
2
31865
2
83018
2
46080
2
88689
2
33425
2
8327
2
7129
2
35408
2
855
2
41748
2
73395
2
93756
2
94532
2
46353
2
54836
2
63895
2
68359
2
75445
2
76574
2
92273
2
31054
2
69412
2
76429
2
83538
2
9600
2
198
2
51471
2
66275
2
63122
2
23518
2
51268
2
94987
2
44362
2
35174
2
21502
2
77787
2
81328
2
28631
2
51022
2
82183
2
8205
2
24416
2
75938
2
40563
2
8595
2
68600
2
4458
2
14780
2
44045
2
18858
2
7053
2
12925
2
26096
2
83482
2
96464
2
73523
2
21506
2
47934
2
77624
2
22454
2
9278
2
28891
2
55268
2
53640
2
1891
2
76770
2
69254
2
83219
2
43227
2
20275
2
3227
2
89260
2
82518
2
16992
2
29822
2
91114
2
23418
2
72107
2
43720
2
5289
2
28791
2
50773
2
18215
2
54887
2
72081
2
52505
2
66237
2
93587
2
438
2
43860
2
53868
2
47543
2
10578
2
9135
2
1182
2
12469
2
85905
2
70436
2
33515
2
66958
2
28537
2
36742
2
56217
2
11055
2
53734
2
86040
2
39995
2
77153
2
95973
2
83715
2
82442
2
62591
2
72315
2
38483
2
17477
2
44395
2
90988
2
21540
2
75809
2
29252
2
65401
2
29676
2
76795
2
75979
2
76638
2
15804
2
26274
2
62542
2
24066
2
59789
2
67326
2
52604
2
96532
2
23543
2
1485
2
88092
2
47409
2
79307
2
3070
2
43381
2
847
2
23339
2
5971
2
73162
2
61822
2
61276
2
55384
2
90637
2
20642
2
69019
2
19888
2
86043
2
98695
2
34510
2
99848
2
13158
2
50314
2
63949
2
13526
2
12206
2
23737
2
80852
2
64810
2
58095
2
4394
2
4121
2
46187
2
51803
2
83428
2
87084
2
33011
2
84276
2
10422
2
76809
2
95264
2
10071
2
75911
2
50647
2
707
2
96554
2
19665
2
58422
2
20422
2
56186
2
92932
2
20270
2
69344
2
81072
2
84219
2
82870
2
93279
2
45782
2
63722
2
95915
2
3877
2
5942
2
37863
2
87891
2
57746
2
59117
2
74974
2
90757
2
43392
2
85397
2
67565
2
76483
2
95468
2
81303
2
27129
2
34001
2
77856
2
84622
2
92423
2
98278
2
40807
2
23181
2
18547
2
47978
2
42079
2
40592
2
68674
2
35357
2
24201
2
70222
2
69099
2
28078
2
76165
2
44788
2
15968
2
33910
2
3904
2
90942
2
62493
2
85124
2
14164
2
67884
2
61606
2
47458
2
49186
2
26561
2
81459
2
27041
2
11182
2
11708
2
25319
2
89817
2
34889
2
81693
2
75621
2
76968
2
60112
2
44294
2
50152
2
84313
2
14516
2
57077
2
50217
2
28507
2
1864
2
4011
2
62417
2
5768
2
32779
2
62736
2
28718
2
46944
2
30619
2
90324
2
94402
2
17632
2
16885
2
13687
2
82500
2
65894
2
25395
2
45645
2
93537
2
98111
2
65165
2
69157
2
75078
2
25276
2
51278
2
63056
2
47415
2
65794
2
57959
2
35458
2
94301
2
59823
2
39469
2
94544
2
3418
2
72248
2
95106
2
32136
2
57018
2
25724
2
60287
2
51420
2
81183
2
14998
2
2933
2
63683
2
80892
2
28328
2
9327
2
74429
2
26438
2
74492
2
81412
2
39342
2
37594
2
32689
2
40225
2
22835
2
36309
2
98184
2
58293
2
68436
2
95834
2
35588
2
62979
2
99252
2
7836
2
58084
2
69214
2
2680
2
21635
2
29500
2
54100
2
40644
2
82325
2
57033
2
4326
2
1043
2
23187
2
51481
2
13298
2
87452
2
63799
2
94710
2
64621
2
39220
2
27399
2
4845
2
99882
2
63708
2
40855
2
96002
2
32144
2
36688
2
31589
2
32949
2
35939
2
77252
2
28860
2
42980
2
79933
2
88322
2
10306
2
71859
2
28965
2
92632
2
66719
2
71119
2
93675
2
89906
2
60426
2
6972
2
15184
2
24224
2
39508
2
79805
2
1270
2
66907
2
22476
2
1152
2
68442
2
63331
2
97154
2
38412
2
19
2
66569
2
9187
2
73785
2
43821
2
75874
2
16764
2
61580
2
64195
2
64898
2
33438
2
93161
2
57529
2
156
2
2105
2
89030
2
27889
2
62531
2
96002
2
80900
2
24581
2
73336
2
98531
2
25852
2
78070
2
21006
2
27004
2
46511
2
22163
2
61984
2
22749
2
60009
2
28552
2
69763
2
33794
2
72373
2
45637
2
88385
2
33952
2
9831
2
53282
2
5217
2
40818
2
48637
2
43200
2
42923
2
37666
2
71089
2
43280
2
71494
2
51988
2
67862
2
44830
2
50518
2
93714
2
22899
2
9350
2
58544
2
7236
2
31514
2
58354
2
67812
2
29349
2
86906
2
37574
2
63143
2
97106
2
21037
2
89355
2
68884
2
30869
2
42636
2
74101
2
9513
2
91274
2
17301
2
90264
2
66766
2
26216
2
33543
2
38260
2
16031
2
1404
2
20916
2
4375
2
32944
2
43815
2
13726
2
29314
2
88878
2
83067
2
87668
2
56689
2
12415
2
74574
2
32089
2
13385
2
9505
2
53127
2
2739
2
78389
2
83996
2
83202
2
90317
2
31335
2
12301
2
45444
2
21598
2
16894
2
71660
2
55142
2
55154
2
25517
2
94373
2
76070
2
29893
2
27317
2
57711
2
81446
2
94458
2
46588
2
2338
2
82126
2
41103
2
14753
2
94526
2
73192
2
65965
2
4030
2
26318
2
6530
2
20245
2
10313
2
27559
2
48388
2
79476
2
77687
2
93832
2
1073
2
94581
2
3318
2
94042
2
87561
2
28835
2
88415
2
1456
2
58728
2
53558
2
59167
2
78000
2
48015
2
43581
2
80338
2
30140
2
84684
2
32918
2
62492
2
57876
2
98883
2
66522
2
84194
2
5413
2
24594
2
32334
2
70799
2
72982
2
11809
2
48485
2
66814
2
12882
2
43066
2
70132
2
6924
2
30626
2
36793
2
95339
2
32083
2
33348
2
48896
2
29076
2
11347
2
34737
2
72658
2
91686
2
64878
2
57341
2
62430
2
27369
2
15216
2
61312
2
31718
2
99411
2
4551
2
56312
2
69571
2
75350
2
67120
2
81380
2
61662
2
33933
2
94262
2
4727
2
41891
2
39012
2
73180
2
16511
2
72177
2
43089
2
49859
2
58899
2
72166
2
99033
2
93637
2
44823
2
28544
2
58514
2
39990
2
90974
2
23709
2
93034
2
90113
2
93254
2
30270
2
94664
2
87392
2
99841
2
7840
2
54512
2
81220
2
69502
2
26271
2
13307
2
12055
2
5989
2
52320
2
85235
2
22500
2
24496
2
28324
2
10185
2
83396
2
38316
2
47044
2
77032
2
20965
2
75589
2
73372
2
60955
2
4388
2
34907
2
53988
2
94501
2
28161
2
84258
2
89165
2
15552
2
21924
2
97005
2
7890
2
3143
2
4332
2
34162
2
16451
2
16387
2
77978
2
68771
2
1621
2
477
2
31093
2
67772
2
48489
2
52315
2
6087
2
95533
2
29346
2
64879
2
8947
2
40544
2
25834
2
13336
2
13278
2
17648
2
7836
2
41439
2
39733
2
97001
2
94818
2
61657
2
31831
2
40535
2
2627
2
73990
2
74697
2
19078
2
90377
2
90501
2
25675
2
29825
2
90978
2
94595
2
97597
2
77293
2
46910
2
41511
2
72825
2
14082
2
44216
2
81773
2
54627
2
70050
2
95109
2
5731
2
25525
2
40771
2
84997
2
3084
2
75599
2
79814
2
64741
2
7429
2
58175
2
67368
2
19246
2
70698
2
24272
2
9622
2
61198
2
49947
2
39447
2
90002
2
82369
2
74871
2
67294
2
29278
2
54208
2
77946
2
43360
2
98424
2
59718
2
35813
2
6300
2
92653
2
41544
2
69652
2
71250
2
26540
2
72736
2
46848
2
44181
2
37476
2
92105
2
2355
2
42671
2
11350
2
73054
2
66943
2
20972
2
34251
2
54717
2
98247
2
24253
2
37085
2
10943
2
29373
2
4189
2
65151
2
7318
2
47549
2
1400
2
4862
2
83363
2
45527
2
97515
2
24906
2
15178
2
68765
2
89274
2
87914
2
53439
2
33454
2
25390
2
45543
2
73636
2
5887
2
56893
2
46689
2
10656
2
15692
2
18767
2
3199
2
13938
2
80847
2
40284
2
62708
2
10219
2
44473
2
27858
2
17538
2
29849
2
67085
2
22400
2
13211
2
12612
2
57742
2
75944
2
27790
2
64333
2
3043
2
53531
2
17771
2
36497
2
78921
2
63315
2
10133
2
22634
2
58034
2
94649
2
33290
2
73726
2
13415
2
36490
2
25490
2
32088
2
14600
2
88198
2
42308
2
96901
2
53882
2
97673
2
26749
2
58794
2
20072
2
77787
2
71406
2
15640
2
91557
2
37022
2
79973
2
94601
2
90553
2
35571
2
68924
2
7299
2
36712
2
79057
2
29933
2
94746
2
11532
2
1050
2
6298
2
62774
2
37540
2
69615
2
94863
2
89967
2
57813
2
74997
2
86867
2
49521
2
72669
2
13615
2
8314
2
30567
2
91402
2
17546
2
46208
2
82959
2
92396
2
26180
2
15385
2
82948
2
99578
2
84309
2
28074
2
36289
2
1192
2
58007
2
31035
2
12724
2
96884
2
75160
2
13324
2
34423
2
44774
2
8186
2
24390
2
40413
2
83183
2
49083
2
89935
2
55851
2
62699
2
36075
2
86419
2
91927
2
91449
2
70453
2
12711
2
83844
2
96633
2
28096
2
66791
2
34037
2
12405
2
32691
2
70326
2
13597
2
28525
2
1360
2
64148
2
25408
2
14346
2
77472
2
97659
2
59121
2
85659
2
59875
2
99534
2
6667
2
8957
2
27294
2
345
2
71656
2
1196
2
24590
2
1409
2
92645
2
95043
2
14120
2
76488
2
29501
2
42217
2
81105
2
63538
2
92449
2
13796
2
33864
2
43872
2
42321
2
73051
2
8019
2
67729
2
87398
2
23317
2
3213
2
84345
2
46802
2
63088
2
21704
2
53470
2
72046
2
86826
2
91642
2
81528
2
88022
2
16231
2
82937
2
18492
2
11273
2
34884
2
94980
2
40774
2
14927
2
13910
2
4312
2
7375
2
27706
2
76003
2
89074
2
7853
2
49053
2
97093
2
13409
2
74277
2
58236
2
16622
2
58621
2
5038
2
79711
2
80326
2
96335
2
51756
2
67151
2
87976
2
71110
2
92999
2
4206
2
91874
2
11490
2
15479
2
26757
2
44296
2
94080
2
79511
2
58206
2
98392
2
24712
2
23739
2
74394
2
13785
2
31592
2
61274
2
48704
2
45001
2
35550
2
6939
2
61624
2
94172
2
49804
2
79161
2
12323
2
46138
2
30916
2
17300
2
34113
2
39852
2
48125
2
38319
2
31725
2
59615
2
91625
2
96309
2
41737
2
85705
2
75819
2
99943
2
21922
2
530
2
61508
2
96317
2
52142
2
93101
2
95417
2
845
2
75928
2
30966
2
45612
2
75378
2
62964
2
95416
2
54538
2
13113
2
41554
2
23280
2
68240
2
75667
2
63133
2
16364
2
51813
2
94858
2
75979
2
43437
2
28993
2
55542
2
66968
2
4811
2
55485
2
88891
2
43169
2
16992
2
85207
2
95311
2
47919
2
18449
2
96157
2
23847
2
87242
2
79595
2
37051
2
50206
2
75010
2
91590
2
1145
2
16563
2
14869
2
69386
2
30057
2
78002
2
85750
2
81870
2
10686
2
99556
2
63133
2
39679
2
55097
2
30101
2
82317
2
48408
2
18991
2
25485
2
3227
2
42024
2
58623
2
51146
2
60473
2
92606
2
12819
2
47714
2
72200
2
87698
2
35746
2
47209
2
79287
2
36892
2
63773
2
94156
2
44104
2
93830
2
9984
2
29853
2
13525
2
20670
2
67235
2
76658
2
98176
2
60159
2
6758
2
80492
2
8566
2
25749
2
43804
2
11793
2
67773
2
2426
2
766
2
28245
2
95032
2
51412
2
13786
2
5057
2
39109
2
49532
2
52266
2
56222
2
24250
2
53865
2
50378
2
68354
2
47694
2
98189
2
36034
2
61219
2
56685
2
3268
2
75704
2
54860
2
63427
2
82462
2
73178
2
9820
2
8211
2
54808
2
21613
2
13810
2
57234
2
60206
2
79883
2
90092
2
49445
2
93669
2
95149
2
88554
2
81027
2
47415
2
82603
2
5277
2
39106
2
32980
2
11457
2
86801
2
68995
2
47491
2
85846
2
25679
2
50760
2
61549
2
18365
2
52013
2
81838
2
91543
2
61833
2
90049
2
46351
2
21273
2
41685
2
41411
2
19305
2
21567
2
69330
2
68750
2
53062
2
64478
2
95131
2
34089
2
49719
2
77733
2
77193
2
88826
2
48539
2
88650
2
13452
2
17533
2
36141
2
37124
2
81039
2
24727
2
36500
2
99404
2
76740
2
18337
2
28772
2
76400
2
46212
2
12949
2
97673
2
87897
2
54361
2
16977
2
9464
2
23690
2
23554
2
62526
2
25994
2
18684
2
34441
2
75714
2
96417
2
11633
2
2365
2
82782
2
283
2
53644
2
314
2
74251
2
90768
2
81353
2
98978
2
65094
2
80756
2
13543
2
83431
2
47354
2
27769
2
29642
2
60304
2
63268
2
55366
2
52491
2
80246
2
2656
2
76181
2
41626
2
3008
2
40001
2
60310
2
37450
2
53541
2
94553
2
49083
2
55906
2
77334
2
87193
2
47376
2
15474
2
99270
2
38144
2
34653
2
36073
2
41064
2
53235
2
49617
2
24495
2
588
2
77386
2
91964
2
60892
2
40654
2
85156
2
13382
2
58726
2
87812
2
27389
2
38178
2
90821
2
67391
2
98488
2
28270
2
20931
2
30866
2
15179
2
14664
2
46026
2
40199
2
62040
2
61500
2
39468
2
38010
2
96153
2
75542
2
79075
2
49387
2
62985
2
41396
2
87802
2
78197
2
33359
2
48694
2
56677
2
18515
2
99903
2
53229
2
44153
2
27292
2
91407
2
34973
2
32509
2
27720
2
1069
2
91267
2
58586
2
16249
2
43757
2
42438
2
94275
2
5797
2
41764
2
33742
2
81634
2
37916
2
47110
2
98535
2
25129
2
10094
2
39930
2
50758
2
88292
2
11116
2
99452
2
44968
2
67458
2
37180
2
36024
2
11610
2
2298
2
27430
2
46584
2
34807
2
55151
2
85480
2
63901
2
51563
2
39555
2
7657
2
94002
2
33829
2
51281
2
35765
2
67572
2
32915
2
11508
2
52508
2
31449
2
74464
2
62603
2
9206
2
25221
2
88721
2
20322
2
62499
2
71515
2
87780
2
99680
2
7538
2
37216
2
39804
2
34969
2
21626
2
12438
2
27946
2
7106
2
76339
2
79509
2
46661
2
21822
2
11336
2
80491
2
73104
2
84929
2
85889
2
6018
2
34263
2
38396
2
75294
2
8726
2
38825
2
84500
2
71775
2
27545
2
42648
2
72100
2
99061
2
68254
2
9605
2
6598
2
5470
2
49410
2
79394
2
27096
2
61848
2
7339
2
34202
2
76013
2
86849
2
80864
2
97835
2
36011
2
99181
2
70938
2
20939
2
85069
2
14782
2
55202
2
61291
2
27903
2
1755
2
116
2
50229
2
11356
2
27661
2
92878
2
83456
2
64548
2
61131
2
93062
2
71147
2
4427
2
80298
2
50540
2
31524
2
42145
2
95707
2
65726
2
55984
2
20381
2
84416
2
53818
2
56392
2
83596
2
24756
2
77332
2
6490
2
77365
2
70360
2
67782
2
5267
2
9941
2
5724
2
55497
2
21297
2
33385
2
86201
2
4753
2
97934
2
85158
2
35641
2
6906
2
89586
2
15938
2
95273
2
21109
2
95910
2
90979
2
24661
2
51893
2
11359
2
46904
2
5710
2
5578
2
30499
2
68293
2
20736
2
74817
2
45658
2
91096
2
80425
2
88752
2
1037
2
86149
2
82075
2
60161
2
57360
2
68275
2
2740
2
55293
2
53433
2
38381
2
25
2
80845
2
92146
2
95299
2
39780
2
88055
2
24103
2
64441
2
39947
2
73290
2
11344
2
83485
2
78868
2
79671
2
89604
2
99604
2
92314
2
35261
2
90699
2
72738
2
61840
2
29562
2
58886
2
43914
2
27550
2
16245
2
12189
2
30290
2
9365
2
3448
2
68672
2
47217
2
22119
2
60817
2
80342
2
61899
2
86699
2
4445
2
64166
2
64472
2
77735
2
13337
2
85783
2
94429
2
93008
2
75387
2
94032
2
23147
2
48474
2
22556
2
95885
2
10313
2
52119
2
92597
2
54228
2
17495
2
46668
2
4243
2
47785
2
93860
2
45518
2
16456
2
41077
2
67637
2
15100
2
21418
2
29535
2
39625
2
63690
2
93701
2
4096
2
79251
2
7037
2
89880
2
73679
2
37871
2
3092
2
67710
2
98845
2
51566
2
90267
2
32555
2
61880
2
80212
2
25151
2
53934
2
97707
2
9646
2
96004
2
83318
2
3505
2
41521
2
37601
2
82409
2
46984
2
90528
2
41654
2
14345
2
30152
2
43170
2
45872
2
72075
2
22421
2
90737
2
99781
2
33926
2
28607
2
2872
2
1636
2
65279
2
54439
2
29729
2
97834
2
54145
2
47767
2
22985
2
8078
2
83300
2
70458
2
4081
2
66617
2
73963
2
83429
2
4217
2
94199
2
30412
2
94745
2
35852
2
44757
2
62723
2
79022
2
90629
2
34798
2
39269
2
81365
2
34578
2
73196
2
47799
2
75278
2
12658
2
13077
2
67543
2
80214
2
10910
2
21687
2
65807
2
71722
2
29765
2
49106
2
42179
2
71673
2
53549
2
53969
2
92928
2
95594
2
48167
2
23339
2
28164
2
21845
2
5922
2
90888
2
38693
2
96551
2
63512
2
77963
2
15742
2
35916
2
88985
2
1367
2
11193
2
1642
2
14444
2
78736
2
81856
2
63181
2
422
2
85489
2
72730
2
68014
2
34594
2
14908
2
77513
2
25969
2
68877
2
70440
2
21562
2
54870
2
31605
2
49727
2
76715
2
37527
2
78441
2
15408
2
71905
2
41952
2
31197
2
87647
2
77868
2
20181
2
89014
2
26888
2
59650
2
41284
2
5623
2
79332
2
42291
2
43873
2
64820
2
15020
2
49713
2
99414
2
29929
2
65053
2
63209
2
36632
2
73319
2
84772
2
29329
2
4924
2
72325
2
6043
2
42451
2
50765
2
59278
2
14355
2
30543
2
90475
2
39828
2
46237
2
48482
2
66668
2
73125
2
8131
2
45778
2
16575
2
87463
2
88070
2
98275
2
52282
2
40916
2
85814
2
89522
2
70845
2
50866
2
52731
2
45304
2
62012
2
75329
2
74633
2
66936
2
47653
2
18502
2
47213
2
36244
2
77781
2
99396
2
4613
2
6081
2
39223
2
50850
2
92391
2
43718
2
23975
2
521
2
89496
2
78377
2
25811
2
15391
2
76651
2
15919
2
56308
2
290
2
5441
2
64979
2
51157
2
95999
2
48109
2
50995
2
71327
2
60568
2
17930
2
56806
2
79071
2
65143
2
30876
2
94678
2
64538
2
35489
2
38585
2
41588
2
86339
2
30975
2
23132
2
10313
2
69324
2
50454
2
26516
2
95135
2
3672
2
3166
2
11053
2
59980
2
3457
2
54321
2
62785
2
92441
2
50319
2
10894
2
81262
2
59472
2
71462
2
99192
2
16277
2
88359
2
2160
2
47153
2
83036
2
4525
2
82642
2
59448
2
83940
2
6807
2
90423
2
7071
2
17120
2
97573
2
57525
2
81464
2
92707
2
61197
2
22456
2
41587
2
59003
2
25913
2
95908
2
59615
2
56180
2
84054
2
8335
2
37441
2
43525
2
17623
2
74459
2
97630
2
5982
2
76620
2
44782
2
26844
2
18971
2
65251
2
86292
2
2910
2
72058
2
14541
2
47808
2
27004
2
12113
2
43159
2
8467
2
42647
2
42183
2
30924
2
84234
2
1185
2
94664
2
17967
2
98627
2
88671
2
2020
2
6961
2
63938
2
83373
2
24585
2
38397
2
81002
2
30567
2
52843
2
63610
2
95238
2
9640
2
28860
2
19356
2
12550
2
38744
2
33897
2
98185
2
3575
2
83837
2
41343
2
49869
2
64310
2
83526
2
80793
2
86370
2
22538
2
13283
2
4337
2
21164
2
39780
2
44184
2
65953
2
3717
2
27556
2
90538
2
79941
2
8557
2
58931
2
70610
2
9994
2
54168
2
80250
2
76681
2
73524
2
30626
2
15425
2
45247
2
28810
2
19000
2
29084
2
7980
2
68869
2
31220
2
29332
2
87489
2
17590
2
51870
2
38598
2
59754
2
10861
2
78378
2
3937
2
76814
2
82095
2
69321
2
5177
2
99863
2
15704
2
64108
2
70472
2
25698
2
18275
2
88549
2
2379
2
91800
2
19174
2
17804
2
74873
2
85812
2
74631
2
3956
2
31618
2
81326
2
35177
2
60950
2
68814
2
90594
2
50647
2
45238
2
50347
2
61508
2
23615
2
54284
2
76148
2
43537
2
23604
2
81325
2
43399
2
77136
2
83259
2
13870
2
2833
2
1533
2
40245
2
5212
2
31159
2
59420
2
60843
2
6032
2
83058
2
73300
2
47815
2
14675
2
54626
2
20818
2
75625
2
61266
2
11411
2
26271
2
6504
2
99585
2
25605
2
30119
2
53869
2
39579
2
73656
2
15299
2
58730
2
54881
2
92435
2
41988
2
6578
2
33095
2
43522
2
46823
2
76134
2
12507
2
6242
2
36977
2
56366
2
27126
2
48103
2
4181
2
41801
2
2728
2
62826
2
55253
2
1821
2
12064
2
19350
2
8325
2
11648
2
44956
2
76271
2
3343
2
22361
2
87754
2
56470
2
81092
2
42634
2
86731
2
23079
2
49212
2
19825
2
4427
2
96036
2
33786
2
54762
2
40104
2
70763
2
11127
2
67231
2
18865
2
53135
2
46858
2
59421
2
53788
2
2110
2
61242
2
65852
2
59288
2
7393
2
15326
2
42070
2
83664
2
18670
2
64431
2
71417
2
12966
2
45522
2
51878
2
99697
2
6428
2
1089
2
57349
2
48682
2
34951
2
91135
2
3443
2
75056
2
99724
2
52398
2
80113
2
56415
2
5532
2
26970
2
15835
2
97147
2
66908
2
14903
2
62998
2
64022
2
22296
2
16151
2
6091
2
43787
2
72648
2
70522
2
53030
2
85614
2
53871
2
4907
2
23136
2
98126
2
43824
2
18311
2
46807
2
78775
2
47272
2
88078
2
91657
2
46995
2
40475
2
9595
2
41237
2
83834
2
74393
2
94899
2
80981
2
79127
2
9802
2
81805
2
43148
2
69925
2
97956
2
49239
2
13711
2
70603
2
57587
2
66742
2
94043
2
49284
2
9475
2
17179
2
47409
2
91126
2
73317
2
32043
2
69901
2
20589
2
57947
2
99384
2
5410
2
98422
2
8979
2
46647
2
20081
2
21198
2
41546
2
38888
2
324
2
89175
2
58520
2
43472
2
59099
2
56475
2
92711
2
72811
2
64905
2
50297
2
77379
2
96774
2
99582
2
24680
2
51779
2
84817
2
15806
2
25096
2
16859
2
23533
2
45685
2
74806
2
22916
2
51095
2
11053
2
69722
2
35569
2
68962
2
90920
2
77115
2
45676
2
91244
2
66289
2
4195
2
72542
2
63214
2
98498
2
65252
2
36024
2
1228
2
53376
2
51229
2
98002
2
90784
2
75910
2
49781
2
75600
2
29542
2
74877
2
30286
2
53075
2
58388
2
42918
2
13817
2
9482
2
91799
2
21366
2
82878
2
98587
2
50112
2
59992
2
44262
2
41356
2
64107
2
86285
2
51724
2
27321
2
84782
2
16976
2
1171
2
86010
2
8178
2
90228
2
21837
2
98962
2
3963
2
71618
2
12387
2
33505
2
46494
2
80500
2
24406
2
42708
2
61245
2
38223
2
52191
2
53043
2
59589
2
72895
2
89456
2
47528
2
32887
2
71544
2
26710
2
34820
2
57828
2
78434
2
99968
2
80436
2
95410
2
1139
2
4271
2
3587
2
91367
2
26109
2
40375
2
33156
2
97727
2
90590
2
66661
2
82048
2
71089
2
91067
2
24755
2
32333
2
67116
2
14772
2
23202
2
64532
2
25494
2
50484
2
12059
2
58381
2
22028
2
38769
2
31027
2
79856
2
17202
2
30995
2
98119
2
50439
2
69961
2
2389
2
91853
2
61327
2
66325
2
32228
2
32309
2
1878
2
60644
2
98970
2
83926
2
31732
2
27862
2
46507
2
1892
2
94978
2
99107
2
62921
2
97336
2
24600
2
13405
2
9394
2
20807
2
35433
2
85990
2
89661
2
53115
2
3192
2
20655
2
51233
2
91458
2
90616
2
91450
2
83310
2
89769
2
57774
2
53364
2
22077
2
59652
2
14007
2
58873
2
81404
2
83567
2
24561
2
65738
2
85459
2
57366
2
2670
2
86206
2
54701
2
27270
2
99611
2
64096
2
85904
2
35043
2
87912
2
75564
2
25985
2
28930
2
34046
2
15044
2
20387
2
62488
2
44320
2
3697
2
52257
2
2094
2
94888
2
12160
2
99573
2
46722
2
8860
2
18803
2
30288
2
33421
2
84541
2
53573
2
90787
2
87211
2
39778
2
45488
2
52307
2
39389
2
47410
2
76037
2
12258
2
73148
2
51600
2
76070
2
2078
2
23472
2
91115
2
22465
2
85961
2
73261
2
63989
2
76044
2
75355
2
58877
2
26030
2
12754
2
43425
2
34890
2
31557
2
73713
2
6138
2
53924
2
65112
2
96925
2
41134
2
42716
2
80239
2
31267
2
82105
2
65475
2
7303
2
32190
2
38623
2
96730
2
46086
2
40701
2
20202
2
75027
2
992
2
43989
2
48288
2
64982
2
20032
2
61469
2
61685
2
46062
2
74223
2
5109
2
18779
2
43606
2
78822
2
62744
2
97530
2
81760
2
59668
2
38663
2
24475
2
77734
2
7756
2
44407
2
81035
2
15059
2
14423
2
57484
2
49616
2
60509
2
98185
2
7644
2
35536
2
99178
2
51633
2
83824
2
1985
2
71665
2
83119
2
63670
2
55553
2
57342
2
68779
2
12158
2
947
2
85427
2
74902
2
98478
2
67186
2
72397
2
74967
2
29487
2
87957
2
20550
2
73894
2
68991
2
73436
2
88317
2
26475
2
23051
2
86653
2
62486
2
30695
2
60015
2
99490
2
82328
2
81665
2
1474
2
91819
2
64783
2
65144
2
85199
2
22124
2
71749
2
97357
2
60899
2
95002
2
72259
2
97203
2
13
2
82482
2
9995
2
29501
2
70438
2
30545
2
41221
2
39428
2
3981
2
67365
2
3729
2
64859
2
54017
2
66216
2
95555
2
14031
2
65705
2
15708
2
95696
2
5006
2
7527
2
98305
2
7976
2
30552
2
20429
2
79726
2
27908
2
19154
2
12553
2
37993
2
16356
2
12567
2
20474
2
26351
2
42068
2
28738
2
94724
2
21115
2
68167
2
36531
2
88480
2
9722
2
1389
2
80323
2
75938
2
96944
2
94354
2
79470
2
50479
2
27875
2
84476
2
95833
2
26180
2
30278
2
26384
2
84436
2
10003
2
54292
2
41416
2
60384
2
30112
2
57772
2
72951
2
88413
2
21949
2
52845
2
17151
2
54499
2
73960
2
23144
2
91030
2
62440
2
32866
2
92420
2
42762
2
46631
2
27189
2
74943
2
26100
2
15494
2
40644
2
48402
2
11326
2
4650
2
78680
2
37710
2
26912
2
26510
2
29829
2
68328
2
86894
2
59941
2
63926
2
59844
2
86180
2
23702
2
50515
2
3330
2
78201
2
24474
2
26474
2
69231
2
24740
2
97168
2
99477
2
67503
2
43798
2
64492
2
80272
2
69898
2
79987
2
58742
2
56126
2
91313
2
63393
2
34805
2
66850
2
90305
2
99142
2
96679
2
96460
2
86035
2
94446
2
60385
2
83705
2
80625
2
84087
2
34219
2
83956
2
62288
2
58694
2
48256
2
69345
2
21260
2
45423
2
6647
2
88763
2
27047
2
71139
2
6860
2
34771
2
51125
2
65603
2
90897
2
80265
2
66822
2
63529
2
47114
2
94953
2
62670
2
81619
2
91412
2
86532
2
76064
2
51797
2
8062
2
56688
2
73710
2
42282
2
78470
2
35997
2
38802
2
64553
2
43168
2
60062
2
47802
2
49815
2
86652
2
74850
2
20954
2
31338
2
9620
2
9905
2
34767
2
38344
2
27996
2
1588
2
1872
2
75110
2
96542
2
2368
2
94555
2
25779
2
88900
2
70618
2
77576
2
34789
2
65133
2
51286
2
77071
2
81429
2
25109
2
53699
2
83808
2
68278
2
51587
2
31610
2
55919
2
76065
2
6459
2
76873
2
7403
2
53906
2
24605
2
42170
2
92250
2
52601
2
81586
2
31948
2
65538
2
15953
2
72144
2
60092
2
41732
2
61043
2
68537
2
57135
2
33658
2
71496
2
46247
2
10728
2
52924
2
71356
2
2253
2
36732
2
77460
2
91668
2
6168
2
33379
2
67732
2
12627
2
48078
2
75135
2
4359
2
72683
2
55132
2
34436
2
63111
2
74544
2
66384
2
28648
2
90497
2
38527
2
88740
2
32228
2
37397
2
95103
2
89363
2
71055
2
66598
2
35609
2
19610
2
57349
2
44792
2
59690
2
94081
2
60078
2
51357
2
248
2
31283
2
19089
2
50702
2
79362
2
32050
2
55061
2
89871
2
25008
2
89497
2
52981
2
99552
2
93708
2
81629
2
90048
2
70061
2
8195
2
22276
2
7457
2
41124
2
49465
2
16339
2
7722
2
22901
2
73776
2
65071
2
5519
2
33465
2
96978
2
65597
2
22649
2
35052
2
96881
2
41738
2
85754
2
14068
2
11614
2
78641
2
3938
2
36623
2
5964
2
94747
2
74001
2
37498
2
76375
2
64049
2
7558
2
22396
2
24151
2
52843
2
63521
2
11442
2
7008
2
9069
2
34343
2
80784
2
74140
2
39862
2
52075
2
71117
2
43286
2
74724
2
43995
2
40166
2
54288
2
29748
2
54234
2
3729
2
46215
2
95999
2
78179
2
52179
2
90745
2
52179
2
27503
2
4946
2
54054
2
35062
2
65169
2
16031
2
25731
2
66516
2
27474
2
32739
2
75585
2
99644
2
51349
2
87551
2
77333
2
3423
2
96494
2
20618
2
15974
2
40488
2
98611
2
70262
2
70236
2
90671
2
73991
2
54278
2
24495
2
52169
2
44283
2
15240
2
42175
2
71787
2
20186
2
96229
2
6848
2
85355
2
12260
2
32579
2
89698
2
77561
2
3144
2
65282
2
15030
2
54493
2
52833
2
92363
2
57916
2
49326
2
50807
2
11716
2
89815
2
87244
2
81979
2
97877
2
77914
2
93796
2
52154
2
40236
2
83792
2
96438
2
55476
2
25966
2
68224
2
13488
2
60021
2
12898
2
36669
2
72281
2
45477
2
26366
2
87668
2
86448
2
91649
2
2698
2
40940
2
44481
2
95061
2
36682
2
31633
2
83695
2
48399
2
21447
2
70938
2
68204
2
19324
2
86679
2
61999
2
9304
2
26914
2
45790
2
5741
2
20216
2
9582
2
11791
2
33704
2
69604
2
24689
2
70373
2
79711
2
7992
2
96740
2
67379
2
94440
2
26214
2
7903
2
35379
2
8521
2
2963
2
9888
2
40154
2
24484
2
58287
2
99429
2
95423
2
26490
2
56579
2
19927
2
26315
2
65883
2
46841
2
9932
2
9451
2
67057
2
19514
2
59069
2
38587
2
26944
2
83759
2
8959
2
6655
2
29577
2
43525
2
11860
2
24017
2
7565
2
19763
2
97223
2
16086
2
60553
2
7110
2
94068
2
85038
2
3223
2
31322
2
18286
2
29713
2
87901
2
38213
2
93856
2
91610
2
22880
2
3787
2
38887
2
27763
2
23301
2
97957
2
66350
2
88073
2
19541
2
13135
2
94728
2
49118
2
94488
2
44414
2
73135
2
2052
2
64177
2
8184
2
55966
2
62556
2
53121
2
50033
2
47593
2
56345
2
19181
2
65879
2
23884
2
7081
2
41918
2
17739
2
36517
2
2624
2
21526
2
75405
2
30387
2
82655
2
11187
2
34563
2
70727
2
30728
2
47699
2
65454
2
79846
2
42186
2
9867
2
52981
2
44238
2
11870
2
98992
2
38030
2
74426
2
52112
2
25889
2
59846
2
8456
2
45070
2
63551
2
32341
2
52151
2
5469
2
50080
2
26495
2
8093
2
9433
2
1899
2
76308
2
92088
2
13086
2
10870
2
62814
2
81641
2
58569
2
28267
2
61486
2
38581
2
75961
2
52293
2
20646
2
25657
2
51284
2
58676
2
37909
2
3396
2
84566
2
97755
2
49679
2
29635
2
61306
2
19846
2
19613
2
4601
2
69927
2
46108
2
50521
2
17186
2
85834
2
26828
2
9273
2
36746
2
37699
2
72087
2
18386
2
34094
2
38180
2
17698
2
72676
2
51967
2
69992
2
93322
2
77624
2
59102
2
89824
2
15532
2
324
2
74389
2
51114
2
50004
2
41851
2
12419
2
69850
2
99291
2
54847
2
77603
2
83225
2
5367
2
94789
2
69058
2
32196
2
4061
2
43630
2
7721
2
13974
2
99843
2
41815
2
52154
2
17540
2
14490
2
4120
2
25358
2
45638
2
19570
2
84461
2
35462
2
72930
2
84785
2
47677
2
24043
2
34788
2
89528
2
74289
2
42465
2
26644
2
29135
2
20067
2
9868
2
34502
2
52683
2
78926
2
4524
2
94571
2
60382
2
12245
2
8545
2
60224
2
91888
2
60699
2
15591
2
44204
2
2646
2
40949
2
89843
2
22216
2
25409
2
63131
2
95146
2
48021
2
10807
2
57015
2
20635
2
38162
2
31303
2
63100
2
64806
2
98265
2
20994
2
74675
2
70594
2
73677
2
91427
2
75118
2
6073
2
89636
2
25190
2
14618
2
87686
2
17077
2
13144
2
3276
2
61281
2
15790
2
44226
2
88950
2
75833
2
7461
2
89907
2
8805
2
93309
2
714
2
65820
2
13944
2
76703
2
34950
2
77044
2
79335
2
71041
2
98038
2
91836
2
79461
2
9540
2
21089
2
92406
2
15614
2
10724
2
17595
2
68059
2
98410
2
72499
2
81203
2
39513
2
71606
2
34819
2
21565
2
98383
2
10652
2
66853
2
88289
2
57284
2
60162
2
26829
2
23103
2
74106
2
3531
2
95880
2
88976
2
20693
2
4747
2
24840
2
12528
2
84208
2
34380
2
71444
2
76613
2
87821
2
19994
2
32034
2
55880
2
56231
2
4532
2
74909
2
95744
2
13965
2
9728
2
17308
2
12347
2
58207
2
21987
2
635
2
15490
2
82149
2
65292
2
76420
2
56254
2
68823
2
10126
2
83057
2
27342
2
14873
2
7896
2
77698
2
36907
2
42276
2
49141
2
13520
2
67924
2
69136
2
83381
2
61630
2
25366
2
25740
2
36538
2
58936
2
39705
2
84093
2
76244
2
89879
2
80126
2
36057
2
28340
2
95616
2
18206
2
93632
2
72036
2
12286
2
281
2
19988
2
95343
2
27623
2
72688
2
3238
2
5320
2
9594
2
83342
2
54462
2
60941
2
51265
2
61424
2
44322
2
50721
2
24616
2
70062
2
25085
2
83552
2
9766
2
9178
2
97622
2
37471
2
89304
2
33678
2
65811
2
22746
2
51884
2
59443
2
32608
2
64171
2
59724
2
52596
2
97340
2
87347
2
25283
2
578
2
92668
2
34877
2
21746
2
84956
2
33645
2
10837
2
84206
2
77967
2
61558
2
8821
2
48028
2
86643
2
92373
2
95621
2
33647
2
89994
2
33091
2
60778
2
61498
2
98902
2
21350
2
13382
2
96171
2
53958
2
15379
2
55894
2
44380
2
50545
2
43241
2
69663
2
88950
2
73735
2
42366
2
10695
2
96517
2
13837
2
21532
2
80722
2
91804
2
20916
2
27369
2
77658
2
45386
2
57568
2
11104
2
16859
2
85388
2
82022
2
77637
2
46885
2
18750
2
36813
2
60267
2
14920
2
90771
2
13472
2
70815
2
35150
2
64018
2
51882
2
42639
2
52967
2
25616
2
22832
2
63663
2
59959
2
36669
2
23021
2
78507
2
66300
2
81765
2
5875
2
43957
2
27150
2
1269
2
92889
2
44009
2
86657
2
74910
2
59473
2
33541
2
93660
2
96286
2
31635
2
8580
2
24883
2
45107
2
17221
2
97860
2
46951
2
69103
2
78326
2
99919
2
32545
2
38984
2
1407
2
92504
2
75653
2
62255
2
71010
2
41952
2
44019
2
14711
2
23736
2
71169
2
15980
2
16624
2
53005
2
2636
2
29360
2
50304
2
74004
2
23020
2
84416
2
5638
2
69427
2
9298
2
88573
2
24474
2
44985
2
73350
2
93577
2
23310
2
11094
2
26121
2
62294
2
12501
2
18624
2
75773
2
12583
2
27460
2
55552
2
56602
2
42171
2
17114
2
65598
2
95978
2
33738
2
56429
2
98614
2
924
2
6732
2
10443
2
23944
2
91148
2
53909
2
31197
2
38273
2
80308
2
55671
2
83258
2
53657
2
87074
2
44394
2
64752
2
13194
2
44514
2
15079
2
69645
2
58113
2
27662
2
97105
2
13664
2
84265
2
77102
2
30778
2
87689
2
73079
2
2342
2
44117
2
71692
2
3267
2
50849
2
19962
2
65038
2
79823
2
73871
2
34062
2
18095
2
54178
2
89733
2
39179
2
45661
2
76807
2
21399
2
10412
2
27827
2
65913
2
63319
2
97473
2
24026
2
90981
2
32403
2
75517
2
13071
2
9505
2
44122
2
759
2
82584
2
46464
2
82703
2
92103
2
87558
2
71378
2
12064
2
52596
2
51201
2
23761
2
24484
2
7122
2
77939
2
14216
2
46302
2
61426
2
28849
2
67701
2
9665
2
56677
2
71441
2
72984
2
91976
2
33293
2
63964
2
24378
2
8809
2
77036
2
33883
2
52931
2
15621
2
16467
2
37222
2
98325
2
8569
2
24779
2
69702
2
58460
2
15201
2
58729
2
82221
2
39685
2
65852
2
97986
2
91729
2
12153
2
59411
2
58404
2
17680
2
69076
2
15080
2
89121
2
42059
2
44882
2
22413
2
43850
2
69261
2
69050
2
20885
2
3143
2
59807
2
74333
2
57437
2
97029
2
10483
2
3832
2
59635
2
18012
2
62292
2
12662
2
76741
2
44512
2
90175
2
42592
2
42497
2
81903
2
92572
2
39735
2
78133
2
10252
2
8810
2
31040
2
37199
2
88697
2
75922
2
97440
2
32546
2
45182
2
66489
2
91258
2
86153
2
26295
2
3416
2
43589
2
61151
2
13900
2
47422
2
58612
2
31912
2
47540
2
71274
2
8652
2
92053
2
99275
2
89072
2
72376
2
19003
2
81643
2
49937
2
97137
2
29721
2
96575
2
28176
2
66921
2
85271
2
4097
2
64360
2
55643
2
87107
2
68675
2
46900
2
73259
2
32796
2
50316
2
54674
2
31773
2
2042
2
2095
2
90385
2
71781
2
49636
2
99486
2
80434
2
79515
2
98760
2
7331
2
89717
2
17763
2
26800
2
39654
2
14899
2
56522
2
36228
2
43075
2
61269
2
59325
2
84999
2
63455
2
14967
2
72105
2
32129
2
99694
2
45363
2
2751
2
50009
2
37
2
34525
2
89879
2
39959
2
24909
2
61659
2
27421
2
24394
2
79919
2
44762
2
23154
2
87250
2
34479
2
78744
2
51877
2
74133
2
93643
2
8398
2
48187
2
74544
2
7493
2
7511
2
59542
2
70948
2
22478
2
31647
2
40903
2
22171
2
77010
2
43654
2
10006
2
14873
2
78179
2
99885
2
54833
2
40915
2
99371
2
20080
2
3135
2
79289
2
64843
2
26289
2
4365
2
99322
2
5032
2
56242
2
11280
2
36501
2
64640
2
59467
2
11044
2
9959
2
4804
2
70587
2
80907
2
27282
2
2233
2
21809
2
87280
2
17069
2
3289
2
97286
2
69770
2
19295
2
34997
2
62429
2
60210
2
34367
2
82509
2
63345
2
13655
2
47351
2
27461
2
18020
2
84499
2
70320
2
74262
2
33605
2
6821
2
76728
2
30898
2
55692
2
86687
2
35702
2
26278
2
5419
2
810
2
66338
2
65055
2
88090
2
21234
2
68345
2
85376
2
91004
2
87640
2
20372
2
53432
2
85676
2
54739
2
73767
2
49020
2
6220
2
58945
2
14307
2
24241
2
81270
2
84628
2
36329
2
14875
2
29275
2
50884
2
45773
2
84967
2
75397
2
19302
2
49072
2
18643
2
20112
2
53236
2
83698
2
8202
2
12296
2
52042
2
93578
2
41126
2
77508
2
51776
2
32384
2
63183
2
44341
2
6151
2
50030
2
50561
2
65096
2
64337
2
12628
2
46365
2
86791
2
86785
2
99067
2
16065
2
37668
2
82667
2
38859
2
50891
2
1968
2
87931
2
69534
2
22080
2
78993
2
53232
2
30282
2
91290
2
43100
2
61686
2
32415
2
58435
2
13461
2
64800
2
59444
2
95629
2
8777
2
9473
2
46190
2
11699
2
11637
2
96645
2
95891
2
98428
2
83429
2
94958
2
52320
2
58923
2
77624
2
91179
2
9814
2
79592
2
79109
2
79348
2
39498
2
58101
2
70406
2
69781
2
87217
2
51333
2
69293
2
57459
2
9767
2
20581
2
22258
2
7037
2
16209
2
68862
2
16511
2
225
2
80561
2
65975
2
96871
2
76451
2
64402
2
80299
2
9234
2
16721
2
39222
2
86858
2
7899
2
49036
2
4275
2
24834
2
66210
2
43774
2
20762
2
74443
2
51381
2
45805
2
25775
2
20673
2
3263
2
73369
2
41254
2
63348
2
80406
2
95291
2
32209
2
34743
2
95516
2
12769
2
717
2
92386
2
27047
2
2946
2
72685
2
36281
2
57494
2
49733
2
60966
2
3220
2
36595
2
65241
2
65881
2
2804
2
46841
2
86643
2
15073
2
98222
2
70275
2
40848
2
18895
2
73538
2
52043
2
97976
2
36886
2
32449
2
93266
2
6921
2
5018
2
26608
2
57518
2
43563
2
18993
2
84565
2
46509
2
29504
2
58672
2
41829
2
79237
2
19637
2
45049
2
53658
2
84879
2
10930
2
94290
2
31719
2
35399
2
9362
2
67768
2
5673
2
88038
2
24489
2
17038
2
40080
2
22464
2
53924
2
10355
2
53557
2
60845
2
15374
2
80165
2
18362
2
58937
2
36984
2
40753
2
43272
2
66489
2
99426
2
85101
2
83552
2
19062
2
67977
2
37210
2
41767
2
78907
2
69326
2
11313
2
52132
2
78688
2
79081
2
95633
2
66725
2
3569
2
12670
2
6805
2
63860
2
4420
2
17160
2
55243
2
3091
2
70361
2
73234
2
59281
2
29297
2
10218
2
37860
2
72569
2
14533
2
37285
2
95497
2
98085
2
94175
2
63473
2
73121
2
73768
2
80206
2
42446
2
85081
2
32337
2
21134
2
1987
2
65796
2
25685
2
43383
2
78466
2
70317
2
7243
2
20712
2
87478
2
312
2
61631
2
95665
2
73547
2
20911
2
24962
2
83765
2
58771
2
35357
2
36124
2
33883
2
30853
2
34208
2
28057
2
94326
2
45156
2
39651
2
12357
2
25428
2
24732
2
44695
2
84389
2
64546
2
48317
2
10074
2
7929
2
64610
2
80391
2
52999
2
85322
2
5694
2
53311
2
46952
2
1359
2
26857
2
5689
2
64148
2
48448
2
64461
2
99505
2
22398
2
98344
2
68185
2
94434
2
64227
2
336
2
39589
2
3877
2
12694
2
65017
2
66436
2
95216
2
87233
2
68809
2
43532
2
97307
2
76738
2
8141
2
15523
2
29736
2
31290
2
59045
2
20873
2
78242
2
98231
2
85558
2
83932
2
62378
2
71832
2
86219
2
99709
2
94231
2
22388
2
5719
2
88664
2
24441
2
6056
2
28252
2
66145
2
56577
2
31095
2
70408
2
51792
2
18327
2
39216
2
33150
2
53460
2
15953
2
41292
2
6810
2
83516
2
72582
2
65855
2
4388
2
88650
2
64085
2
89946
2
10407
2
64289
2
61778
2
34452
2
63997
2
56008
2
94667
2
69717
2
82498
2
19107
2
13599
2
48576
2
85253
2
70176
2
79671
2
55660
2
59794
2
35825
2
94876
2
92944
2
27111
2
48655
2
34235
2
33921
2
32170
2
44643
2
37602
2
74385
2
71120
2
39513
2
2157
2
19353
2
3801
2
63935
2
53806
2
5625
2
57769
2
48472
2
13168
2
78093
2
5406
2
26767
2
26668
2
28485
2
34769
2
6338
2
84145
2
94563
2
79990
2
16846
2
87506
2
44928
2
3327
2
59568
2
78849
2
35497
2
42037
2
54278
2
47708
2
50983
2
93791
2
49865
2
70337
2
35419
2
51626
2
61969
2
78871
2
47221
2
48267
2
92039
2
25313
2
53673
2
18805
2
51981
2
82158
2
91401
2
96147
2
4128
2
85963
2
76136
2
58801
2
73468
2
21063
2
62128
2
70862
2
37739
2
35451
2
12899
2
92017
2
83160
2
63882
2
23633
2
33024
2
72045
2
96879
2
22477
2
71840
2
75749
2
69698
2
20107
2
67787
2
95012
2
11606
2
24418
2
46992
2
31591
2
15818
2
43138
2
73546
2
39607
2
57101
2
32347
2
50902
2
78164
2
32301
2
21763
2
53729
2
67753
2
72489
2
83572
2
88739
2
74198
2
45032
2
59589
2
46242
2
41910
2
82066
2
55909
2
55486
2
51764
2
76016
2
23272
2
84602
2
25448
2
85518
2
31593
2
94866
2
39162
2
12558
2
6238
2
78770
2
69659
2
76412
2
29671
2
85649
2
8712
2
51434
2
39378
2
14291
2
61750
2
60776
2
40856
2
35947
2
5807
2
445
2
20015
2
85545
2
20337
2
75924
2
41030
2
72101
2
89766
2
64302
2
94529
2
15214
2
87646
2
26122
2
47906
2
26808
2
76507
2
54144
2
5577
2
83992
2
30555
2
73075
2
69640
2
39268
2
62335
2
46844
2
91386
2
24084
2
45447
2
32242
2
60031
2
51254
2
32687
2
17873
2
36798
2
53024
2
93797
2
77828
2
62952
2
83563
2
79957
2
57480
2
36603
2
5428
2
21428
2
84509
2
32236
2
35761
2
38653
2
75640
2
19752
2
69208
2
48714
2
27219
2
46302
2
11049
2
11889
2
37688
2
72960
2
57336
2
7756
2
70818
2
46417
2
78270
2
88691
2
21041
2
31293
2
82487
2
98870
2
32071
2
66049
2
16652
2
27378
2
2651
2
22080
2
86633
2
87161
2
92144
2
22394
2
63640
2
5609
2
79973
2
70674
2
54324
2
45018
2
54803
2
3199
2
56908
2
30317
2
13985
2
52070
2
38073
2
84803
2
98487
2
16342
2
73493
2
19528
2
85462
2
55980
2
56224
2
17533
2
59855
2
10702
2
82738
2
333
2
70609
2
7196
2
25320
2
62752
2
67417
2
88960
2
6188
2
47390
2
97460
2
60512
2
30234
2
52262
2
1537
2
87142
2
82579
2
15522
2
77039
2
20651
2
38152
2
75525
2
36993
2
11644
2
32879
2
22455
2
5450
2
89103
2
77815
2
65306
2
37631
2
98379
2
65639
2
8240
2
5574
2
28785
2
8818
2
72992
2
17744
2
15006
2
58208
2
53030
2
13344
2
88442
2
5292
2
52708
2
75584
2
87871
2
6057
2
52622
2
8522
2
44209
2
65973
2
83342
2
55853
2
98853
2
43623
2
99131
2
25781
2
59264
2
64436
2
63413
2
57642
2
67901
2
9479
2
63217
2
34512
2
56124
2
74035
2
90083
2
71131
2
32242
2
43112
2
22301
2
20683
2
48404
2
75010
2
34093
2
36275
2
81067
2
24541
2
82624
2
63102
2
28341
2
3791
2
56781
2
65020
2
47415
2
55911
2
90801
2
44505
2
58173
2
92040
2
2147
2
63900
2
39345
2
3190
2
98412
2
95470
2
77225
2
88494
2
66600
2
47293
2
31606
2
26727
2
5802
2
80010
2
1736
2
39896
2
54111
2
20629
2
2263
2
36734
2
83731
2
30604
2
78353
2
40512
2
95624
2
25767
2
96423
2
24251
2
8098
2
54596
2
16290
2
10245
2
18495
2
55636
2
51262
2
54734
2
88932
2
66313
2
43227
2
55531
2
13605
2
74833
2
82258
2
57235
2
92670
2
21821
2
97131
2
46780
2
42450
2
99394
2
21341
2
64008
2
67825
2
99694
2
4519
2
63448
2
63287
2
38768
2
87699
2
71385
2
31190
2
41816
2
19457
2
87513
2
35278
2
70719
2
42246
2
24209
2
74859
2
85473
2
17566
2
26290
2
98133
2
37650
2
83525
2
90802
2
97298
2
80655
2
75408
2
39748
2
17875
2
96749
2
41582
2
23526
2
96442
2
83928
2
86974
2
97555
2
60522
2
12499
2
6766
2
91713
2
92142
2
26223
2
17051
2
27419
2
34768
2
59297
2
89455
2
47453
2
82596
2
44847
2
73744
2
80728
2
82497
2
57268
2
9355
2
79795
2
75750
2
84764
2
57369
2
31451
2
81512
2
36777
2
54977
2
15780
2
20704
2
79777
2
51161
2
81226
2
30102
2
57927
2
10764
2
22243
2
84150
2
27815
2
87489
2
56745
2
87112
2
14769
2
4197
2
7534
2
59616
2
77941
2
26088
2
79940
2
73036
2
35444
2
97561
2
48785
2
20207
2
92756
2
18062
2
39545
2
29532
2
10865
2
55325
2
88063
2
90642
2
44313
2
69288
2
58571
2
2239
2
17879
2
80814
2
24216
2
45694
2
6129
2
80961
2
70633
2
20898
2
22984
2
78167
2
18341
2
38752
2
42081
2
98281
2
49614
2
77525
2
33667
2
36225
2
97732
2
26422
2
54287
2
75104
2
55954
2
65152
2
68255
2
81843
2
93620
2
12567
2
88957
2
52190
2
14807
2
6835
2
70831
2
39023
2
52530
2
76960
2
57810
2
60989
2
35684
2
18620
2
76982
2
54025
2
57372
2
19062
2
90132
2
6985
2
34414
2
23798
2
43210
2
32145
2
88047
2
35323
2
45075
2
81827
2
474
2
13330
2
63669
2
31921
2
25897
2
52626
2
84111
2
40704
2
59461
2
54941
2
17553
2
49817
2
69727
2
13189
2
48632
2
5411
2
31810
2
25613
2
97263
2
27008
2
82503
2
87395
2
33994
2
16916
2
49019
2
15030
2
86888
2
37066
2
50354
2
31963
2
56719
2
88655
2
45293
2
20388
2
20575
2
9016
2
73014
2
4686
2
87548
2
70301
2
97454
2
5100
2
20118
2
67181
2
18290
2
6576
2
72592
2
87927
2
32190
2
7680
2
14934
2
52519
2
95075
2
86755
2
69435
2
81921
2
1785
2
94149
2
56813
2
89966
2
26111
2
13531
2
16446
2
9230
2
71746
2
37022
2
56074
2
44759
2
79535
2
43621
2
15060
2
14814
2
48721
2
73005
2
81995
2
4837
2
79581
2
92413
2
92764
2
49597
2
93
2
45525
2
39942
2
32994
2
32279
2
9376
2
52741
2
71891
2
41352
2
9553
2
61856
2
5289
2
60912
2
16129
2
14520
2
32657
2
90978
2
70594
2
15243
2
70512
2
52041
2
68130
2
23152
2
38588
2
41134
2
5147
2
43426
2
58541
2
35386
2
74016
2
45965
2
73306
2
19540
2
85907
2
6300
2
89647
2
33110
2
59041
2
61537
2
74462
2
6421
2
61220
2
79751
2
67333
2
77349
2
32097
2
37816
2
68326
2
40517
2
53059
2
76664
2
92558
2
21188
2
99816
2
31146
2
148
2
42789
2
12398
2
96517
2
78176
2
24240
2
42481
2
51481
2
81608
2
28387
2
95608
2
71254
2
99324
2
92476
2
32790
2
73785
2
98897
2
31836
2
91363
2
4055
2
9184
2
23459
2
79698
2
15336
2
63977
2
32757
2
92000
2
94361
2
91772
2
29642
2
63333
2
91921
2
72431
2
75731
2
88437
2
88433
2
99972
2
68744
2
77741
2
81579
2
97131
2
11174
2
52832
2
96455
2
3649
2
23448
2
8065
2
40372
2
93112
2
99428
2
82254
2
2295
2
60714
2
61952
2
55459
2
24690
2
32535
2
85285
2
56877
2
24306
2
14926
2
20210
2
54053
2
25184
2
95941
2
42489
2
51443
2
33738
2
11232
2
29183
2
53143
2
46190
2
78185
2
43801
2
80471
2
81834
2
67250
2
26362
2
22206
2
98188
2
25790
2
42286
2
482
2
86504
2
4237
2
93768
2
49020
2
36772
2
79053
2
43723
2
98906
2
31805
2
63933
2
52958
2
56989
2
97701
2
33274
2
46259
2
31438
2
82333
2
13268
2
84582
2
66349
2
91453
2
28382
2
84646
2
73287
2
33458
2
11008
2
33319
2
31645
2
74625
2
75605
2
69955
2
98955
2
79843
2
1548
2
85801
2
54441
2
80601
2
29523
2
91173
2
50233
2
31283
2
81958
2
7221
2
28983
2
15231
2
91307
2
98248
2
35390
2
4575
2
20655
2
1739
2
96028
2
86865
2
86385
2
69314
2
58149
2
35219
2
40459
2
89795
2
9843
2
16064
2
97576
2
8797
2
33733
2
99124
2
94598
2
26000
2
17551
2
61948
2
17173
2
67784
2
93231
2
99131
2
12831
2
22213
2
52188
2
4138
2
58287
2
87578
2
8713
2
78943
2
27143
2
42567
2
65807
2
51355
2
49708
2
23955
2
86574
2
90167
2
51576
2
96418
2
44057
2
86978
2
43041
2
77790
2
23928
2
75466
2
3790
2
79306
2
37413
2
58790
2
84916
2
68470
2
95747
2
97747
2
28509
2
47934
2
39711
2
86796
2
35511
2
86251
2
65738
2
481
2
28818
2
69371
2
51836
2
78526
2
31153
2
38409
2
6518
2
20555
2
72653
2
50576
2
45360
2
53521
2
66192
2
7114
2
28986
2
7808
2
86420
2
4225
2
66598
2
71335
2
72695
2
62344
2
6907
2
1203
2
48104
2
84446
2
25825
2
21442
2
70696
2
91564
2
21923
2
37340
2
98761
2
73759
2
15865
2
67740
2
49994
2
60211
2
26122
2
22647
2
10786
2
71482
2
76168
2
14804
2
16422
2
42980
2
22613
2
2841
2
85032
2
27037
2
12002
2
57726
2
89382
2
56736
2
96756
2
75312
2
41181
2
22580
2
96754
2
11877
2
51970
2
18676
2
49217
2
88558
2
92435
2
2909
2
56297
2
42429
2
63120
2
20245
2
2902
2
11732
2
91727
2
16896
2
64363
2
45975
2
59876
2
86976
2
48816
2
44907
2
14013
2
98645
2
40459
2
41221
2
55381
2
37214
2
16532
2
96562
2
97621
2
13286
2
46265
2
49591
2
31962
2
95483
2
75975
2
62224
2
36218
2
32271
2
42479
2
37164
2
90344
2
83208
2
86723
2
19896
2
103
2
51085
2
65872
2
97806
2
38061
2
14687
2
80539
2
89901
2
51159
2
20997
2
31121
2
6539
2
96038
2
85480
2
40927
2
31484
2
98766
2
87193
2
81075
2
68555
2
20501
2
94876
2
68605
2
56719
2
64974
2
48910
2
93883
2
55317
2
32117
2
80605
2
75213
2
32220
2
69516
2
41084
2
30025
2
45403
2
55772
2
10563
2
35303
2
6930
2
69387
2
4250
2
51296
2
3250
2
89731
2
92223
2
34734
2
26322
2
79415
2
53636
2
32703
2
99916
2
48511
2
1307
2
94461
2
13484
2
50217
2
88343
2
68801
2
20160
2
6773
2
44014
2
52380
2
14116
2
85098
2
20231
2
59519
2
78696
2
68621
2
94823
2
23452
2
75834
2
36899
2
74748
2
79084
2
26629
2
4797
2
13818
2
90779
2
22038
2
67454
2
23481
2
59781
2
15964
2
62616
2
54241
2
67276
2
50659
2
80411
2
36076
2
70820
2
25010
2
17916
2
61026
2
39126
2
3014
2
19084
2
98646
2
19536
2
25531
2
31294
2
42989
2
1365
2
68193
2
55563
2
80449
2
32649
2
98187
2
32093
2
61254
2
20225
2
99547
2
22561
2
17832
2
53338
2
85177
2
72073
2
58440
2
73663
2
90310
2
94516
2
82309
2
15320
2
12432
2
81161
2
54446
2
53273
2
244
2
90918
2
72809
2
25776
2
60038
2
53624
2
64968
2
28231
2
9187
2
45416
2
98707
2
45200
2
15336
2
97787
2
65425
2
14882
2
20347
2
83257
2
6046
2
43351
2
93157
2
64486
2
54840
2
83466
2
96829
2
37148
2
36612
2
47087
2
18308
2
91059
2
38186
2
56380
2
19802
2
10994
2
19982
2
79841
2
2445
2
84950
2
45898
2
11632
2
68192
2
82431
2
94659
2
83528
2
80217
2
60084
2
36237
2
563
2
81167
2
80110
2
81741
2
12149
2
82423
2
36580
2
95616
2
79251
2
11554
2
32227
2
64164
2
29863
2
61112
2
2349
2
24069
2
18741
2
51170
2
44051
2
98582
2
53615
2
66827
2
82306
2
3073
2
35018
2
64736
2
97733
2
18546
2
82779
2
95643
2
92610
2
21168
2
76809
2
72719
2
2909
2
26785
2
55141
2
39489
2
22400
2
72218
2
88871
2
92454
2
36381
2
56560
2
91393
2
76557
2
80629
2
10133
2
27727
2
62506
2
46541
2
81342
2
29332
2
28846
2
84416
2
64350
2
31408
2
19974
2
20722
2
14186
2
15616
2
13331
2
35354
2
30251
2
23877
2
38263
2
57036
2
79018
2
15579
2
79436
2
89063
2
4449
2
9716
2
25443
2
61009
2
1108
2
2000
2
79464
2
49068
2
67554
2
41969
2
95609
2
48895
2
71301
2
62281
2
71137
2
73477
2
93689
2
91111
2
94200
2
7874
2
6726
2
45357
2
81055
2
36978
2
69234
2
57145
2
31840
2
86079
2
10550
2
49103
2
75141
2
14999
2
58819
2
38410
2
13834
2
97754
2
78237
2
31124
2
46821
2
45790
2
73093
2
80256
2
32512
2
82220
2
42536
2
3648
2
55696
2
74051
2
94760
2
87722
2
19751
2
39312
2
70906
2
805
2
14116
2
40139
2
57950
2
45957
2
64044
2
68500
2
95060
2
77011
2
21325
2
91705
2
53248
2
72986
2
89458
2
31484
2
4109
2
74105
2
15101
2
15028
2
92187
2
47613
2
97248
2
72549
2
51261
2
90771
2
84426
2
83847
2
78492
2
4176
2
60986
2
49397
2
42808
2
75102
2
27363
2
38585
2
21058
2
29233
2
44911
2
53944
2
6244
2
4063
2
83475
2
97319
2
77049
2
72932
2
66629
2
18985
2
84863
2
81730
2
71840
2
14875
2
29342
2
6914
2
87424
2
18430
2
97685
2
9675
2
40103
2
14002
2
13851
2
1088
2
63400
2
56660
2
76191
2
28589
2
33071
2
35075
2
57822
2
77982
2
26846
2
1892
2
82045
2
10320
2
99211
2
59094
2
21079
2
65840
2
15905
2
43768
2
85396
2
87745
2
58644
2
52565
2
32485
2
83894
2
8821
2
30169
2
93570
2
48924
2
44172
2
45247
2
87840
2
45398
2
39733
2
64030
2
73987
2
72804
2
36931
2
69635
2
50786
2
1603
2
9354
2
32830
2
11924
2
46391
2
29750
2
70830
2
50057
2
83482
2
14597
2
35453
2
9053
2
11067
2
25844
2
41538
2
32788
2
34665
2
71708
2
64184
2
83589
2
53706
2
9430
2
71428
2
99104
2
49164
2
73284
2
10916
2
59794
2
48042
2
80551
2
10579
2
49645
2
89905
2
81237
2
99396
2
74123
2
48813
2
70225
2
24179
2
32295
2
22649
2
59632
2
79175
2
71543
2
85476
2
20712
2
4330
2
57967
2
30246
2
68514
2
41556
2
83952
2
15771
2
50810
2
20881
2
2761
2
61921
2
31797
2
62555
2
9962
2
12348
2
10961
2
97434
2
40079
2
30024
2
34656
2
14201
2
78837
2
42707
2
76208
2
48958
2
65356
2
35839
2
28132
2
36899
2
59142
2
86672
2
79056
2
17108
2
16917
2
85397
2
96491
2
38696
2
1167
2
85128
2
59577
2
3928
2
47048
2
91375
2
4309
2
94837
2
41549
2
15270
2
30096
2
19454
2
83121
2
64752
2
71483
2
61958
2
7459
2
47690
2
48742
2
10641
2
83529
2
14701
2
85367
2
80497
2
1372
2
64423
2
35432
2
56116
2
87646
2
31922
2
94812
2
88813
2
17049
2
54389
2
30567
2
1923
2
45763
2
34876
2
96760
2
25138
2
87974
2
64683
2
44592
2
71094
2
29434
2
16074
2
70878
2
74720
2
63764
2
57447
2
85362
2
85120
2
72148
2
8554
2
65616
2
73520
2
10803
2
1047
2
67462
2
98449
2
70797
2
62274
2
87261
2
25672
2
16662
2
17827
2
27596
2
251
2
90531
2
62182
2
25389
2
78504
2
26864
2
7807
2
87424
2
94126
2
23882
2
58302
2
68845
2
87646
2
15748
2
92033
2
10591
2
87896
2
587
2
14034
2
99242
2
49217
2
52908
2
66703
2
47666
2
23704
2
66803
2
72753
2
87204
2
21291
2
28407
2
14799
2
21542
2
18937
2
14807
2
84758
2
35267
2
41672
2
92566
2
22690
2
35797
2
16447
2
18818
2
42468
2
41919
2
34566
2
34501
2
90338
2
60288
2
72915
2
4371
2
97356
2
22131
2
57279
2
1885
2
69797
2
18810
2
68688
2
42550
2
6013
2
89980
2
8783
2
20812
2
49348
2
65547
2
35619
2
34106
2
813
2
15117
2
26671
2
23503
2
88741
2
80945
2
80149
2
31209
2
60690
2
14714
2
65710
2
51027
2
12829
2
38624
2
55398
2
10184
2
60755
2
50504
2
49896
2
68379
2
69314
2
18584
2
48755
2
75327
2
46390
2
57538
2
33965
2
95738
2
23084
2
7410
2
67670
2
61724
2
60355
2
94341
2
23053
2
49095
2
13111
2
3201
2
80304
2
73802
2
55743
2
83840
2
24828
2
68572
2
60290
2
18053
2
16582
2
58872
2
68557
2
66479
2
27250
2
75697
2
22889
2
13831
2
51023
2
69279
2
9195
2
22814
2
2842
2
32279
2
68051
2
70513
2
31829
2
66232
2
2679
2
54882
2
15327
2
15791
2
58084
2
33457
2
27419
2
13826
2
55124
2
52247
2
20224
2
15413
2
8126
2
36806
2
12111
2
14509
2
41111
2
77188
2
90206
2
64000
2
91019
2
79055
2
33278
2
213
2
1868
2
73948
2
70319
2
7746
2
44460
2
2147
2
73978
2
47139
2
94857
2
27131
2
62930
2
52940
2
60589
2
90349
2
4592
2
53539
2
80423
2
62643
2
68952
2
26375
2
99449
2
18890
2
40885
2
40560
2
96078
2
31090
2
4559
2
87097
2
10145
2
75665
2
25136
2
49840
2
49612
2
95456
2
57586
2
31898
2
35429
2
69391
2
79037
2
30285
2
96522
2
79794
2
21051
2
94937
2
70142
2
63470
2
48475
2
88391
2
26112
2
17427
2
14766
2
63388
2
74144
2
55651
2
3947
2
70221
2
86741
2
46333
2
57317
2
34712
2
59824
2
20280
2
84553
2
47262
2
53562
2
79965
2
79160
2
88991
2
49355
2
96024
2
57103
2
45877
2
75817
2
15980
2
40813
2
45958
2
79451
2
89289
2
72176
2
43389
2
44542
2
86942
2
6776
2
18685
2
80419
2
48550
2
26732
2
4985
2
94884
2
21876
2
39698
2
92534
2
42156
2
24250
2
39796
2
95718
2
4214
2
56782
2
84708
2
53570
2
52805
2
79637
2
37273
2
28621
2
95618
2
15912
2
12406
2
12894
2
43027
2
84582
2
56283
2
25395
2
9349
2
63060
2
81907
2
27594
2
49436
2
8639
2
32579
2
44319
2
30515
2
72277
2
74680
2
72671
2
96527
2
52302
2
6214
2
38568
2
9083
2
28748
2
29964
2
61889
2
8385
2
67237
2
28336
2
41829
2
20975
2
78569
2
54723
2
64003
2
976
2
11005
2
89398
2
10325
2
11891
2
71305
2
37919
2
61328
2
17770
2
8325
2
43473
2
48285
2
80602
2
55979
2
58782
2
14955
2
8280
2
64996
2
53523
2
17364
2
31570
2
83487
2
17079
2
39955
2
88550
2
45415
2
81784
2
9524
2
23984
2
74333
2
11353
2
24960
2
23165
2
751
2
73113
2
72883
2
9882
2
48858
2
72037
2
27652
2
57183
2
15510
2
13763
2
75612
2
71489
2
72545
2
90567
2
17596
2
75367
2
44089
2
34960
2
6936
2
65402
2
52039
2
84719
2
91778
2
35280
2
4328
2
1301
2
97091
2
78662
2
12655
2
59878
2
1826
2
51233
2
70817
2
12535
2
61115
2
57501
2
84573
2
26593
2
14684
2
82
2
40356
2
90296
2
9397
2
12900
2
18688
2
26993
2
26093
2
62777
2
99780
2
33029
2
66005
2
89645
2
55574
2
95609
2
62752
2
59903
2
96910
2
59842
2
38564
2
47391
2
57546
2
78217
2
36450
2
66189
2
90752
2
35391
2
23690
2
75324
2
61984
2
38374
2
13232
2
40166
2
66496
2
60457
2
90893
2
85184
2
25276
2
16985
2
85787
2
62883
2
87842
2
89618
2
52527
2
43415
2
85226
2
15278
2
3317
2
19961
2
12947
2
79708
2
5179
2
8319
2
95751
2
41629
2
74509
2
24329
2
14847
2
98199
2
99653
2
76831
2
74399
2
50712
2
16997
2
78721
2
48995
2
7889
2
63904
2
12097
2
62702
2
87517
2
74980
2
50543
2
77134
2
65334
2
93958
2
185
2
18438
2
35102
2
20146
2
69212
2
14809
2
25325
2
77532
2
10560
2
4781
2
52040
2
34889
2
19628
2
88065
2
72368
2
34285
2
62463
2
60906
2
89109
2
41183
2
47727
2
34825
2
42913
2
97652
2
97527
2
30429
2
10457
2
48069
2
45389
2
75791
2
79853
2
45574
2
94230
2
14954
2
65720
2
63441
2
67591
2
28872
2
78799
2
15977
2
33653
2
30838
2
88693
2
91108
2
18902
2
98887
2
25392
2
19191
2
59793
2
14501
2
60374
2
45346
2
87153
2
41113
2
42997
2
84679
2
71542
2
53455
2
70574
2
16930
2
67072
2
50426
2
330
2
99128
2
3207
2
66051
2
62569
2
70798
2
32749
2
79194
2
24601
2
4228
2
10032
2
13293
2
95336
2
66761
2
12179
2
58554
2
23779
2
9798
2
10881
2
21979
2
55145
2
98034
2
63093
2
35968
2
82712
2
72461
2
89423
2
53285
2
27218
2
94322
2
41538
2
27548
2
93449
2
82572
2
31425
2
93844
2
91196
2
64174
2
73038
2
15796
2
68402
2
20896
2
29089
2
1563
2
25483
2
79095
2
60118
2
49262
2
88894
2
70999
2
71242
2
81865
2
69033
2
72161
2
17832
2
89571
2
44621
2
45082
2
80683
2
9665
2
77230
2
22220
2
37214
2
70678
2
4791
2
6465
2
64522
2
33813
2
70640
2
37559
2
49609
2
76868
2
58455
2
16524
2
78432
2
21764
2
95619
2
76376
2
71027
2
22338
2
47374
2
80095
2
42029
2
54233
2
90082
2
97689
2
43804
2
72529
2
80597
2
24486
2
82195
2
57826
2
84533
2
19408
2
28503
2
27150
2
25873
2
93025
2
60963
2
34339
2
68410
2
48398
2
49034
2
64691
2
64922
2
27465
2
86456
2
98367
2
3840
2
57482
2
20705
2
89041
2
75403
2
560
2
43274
2
65484
2
98249
2
24904
2
38012
2
78845
2
87217
2
20206
2
36670
2
9575
2
77441
2
65174
2
36725
2
41141
2
96025
2
35514
2
13306
2
64435
2
21738
2
62340
2
29125
2
86660
2
27631
2
53407
2
85026
2
69298
2
48715
2
43557
2
58339
2
24117
2
44118
2
39439
2
27427
2
80193
2
64343
2
3266
2
59038
2
51559
2
23472
2
33534
2
61134
2
38740
2
36534
2
35685
2
17707
2
32559
2
9025
2
31013
2
34820
2
30763
2
31180
2
1771
2
55249
2
58811
2
55179
2
40274
2
65936
2
3893
2
21658
2
24274
2
65838
2
3602
2
1539
2
93265
2
83795
2
3708
2
96531
2
42832
2
93094
2
57830
2
14193
2
92054
2
34396
2
50727
2
27738
2
52103
2
21112
2
74590
2
20942
2
55932
2
43179
2
52122
2
95531
2
98428
2
48760
2
88536
2
76528
2
14695
2
92429
2
36012
2
76796
2
96093
2
39614
2
78335
2
89358
2
23409
2
82043
2
23714
2
4067
2
12962
2
19370
2
18260
2
5015
2
53766
2
6814
2
70580
2
43695
2
27926
2
45169
2
64638
2
83859
2
88348
2
54586
2
17215
2
24601
2
3345
2
5750
2
1128
2
55867
2
36005
2
74968
2
32662
2
32098
2
14581
2
48823
2
59282
2
75817
2
68692
2
82996
2
79885
2
81654
2
40193
2
35971
2
86669
2
31785
2
42785
2
57248
2
75481
2
70712
2
40243
2
77945
2
92397
2
66417
2
70357
2
9611
2
91018
2
11529
2
15361
2
29973
2
67396
2
51366
2
4940
2
37885
2
21290
2
57348
2
24534
2
80572
2
33165
2
93227
2
1394
2
50876
2
12706
2
79414
2
86847
2
37202
2
11198
2
67459
2
32276
2
86679
2
75997
2
72520
2
2449
2
68393
2
76763
2
72807
2
15830
2
5607
2
84336
2
69018
2
73407
2
89558
2
58210
2
16173
2
27442
2
79501
2
73521
2
51977
2
97899
2
6685
2
83030
2
37119
2
57561
2
33562
2
16532
2
82235
2
70764
2
27731
2
87520
2
40867
2
14409
2
63516
2
51213
2
54686
2
69735
2
27975
2
27492
2
85565
2
33582
2
49654
2
92409
2
44815
2
39211
2
50618
2
60988
2
66654
2
67945
2
34509
2
56457
2
3670
2
79021
2
77313
2
40789
2
74409
2
48701
2
57322
2
56643
2
57292
2
85053
2
81989
2
98159
2
37288
2
45504
2
49371
2
91974
2
15238
2
15172
2
57292
2
38629
2
86582
2
6945
2
31037
2
31396
2
83984
2
19481
2
92385
2
88464
2
25253
2
26893
2
82747
2
28923
2
43740
2
60059
2
69712
2
18148
2
8759
2
64860
2
12617
2
66051
2
49912
2
94606
2
2035
2
25027
2
40109
2
89233
2
54827
2
93174
2
4405
2
49946
2
69629
2
90987
2
56891
2
38492
2
22382
2
78701
2
95801
2
52593
2
67164
2
21053
2
79486
2
49910
2
49976
2
61053
2
47795
2
57514
2
79201
2
56555
2
22374
2
91819
2
60432
2
10112
2
24250
2
294
2
35139
2
2186
2
89527
2
27793
2
33186
2
93932
2
77739
2
2815
2
22744
2
72456
2
41307
2
45127
2
51157
2
74934
2
97720
2
18320
2
95987
2
15032
2
6057
2
83789
2
13911
2
53852
2
41303
2
93112
2
48233
2
1503
2
22756
2
8665
2
11615
2
47007
2
46786
2
84582
2
49193
2
36312
2
50201
2
82379
2
68071
2
27939
2
23020
2
90815
2
38221
2
2154
2
73768
2
27204
2
77088
2
9314
2
45525
2
73075
2
62173
2
89409
2
94690
2
76084
2
43260
2
73819
2
7021
2
91494
2
75322
2
29778
2
37985
2
24764
2
76785
2
84771
2
47172
2
63804
2
58909
2
97373
2
84009
2
64806
2
63138
2
7029
2
55621
2
39185
2
9183
2
67215
2
66390
2
86271
2
14355
2
49741
2
97172
2
76528
2
39149
2
91862
2
90438
2
82409
2
65680
2
97460
2
11728
2
78829
2
65064
2
49713
2
3592
2
79675
2
72310
2
88591
2
43478
2
69046
2
23789
2
27486
2
33851
2
86927
2
72342
2
27298
2
26111
2
81525
2
94514
2
30327
2
5622
2
46695
2
80068
2
2793
2
23223
2
19216
2
32481
2
51487
2
39452
2
98162
2
86773
2
51180
2
14816
2
51836
2
38720
2
56235
2
31510
2
48856
2
44825
2
74988
2
17901
2
68614
2
40301
2
89580
2
93367
2
12642
2
16877
2
57304
2
31994
2
49217
2
87632
2
37616
2
95913
2
67699
2
40409
2
56962
2
24742
2
72891
2
46275
2
64194
2
8878
2
33048
2
53200
2
23694
2
84884
2
29746
2
17755
2
54221
2
16429
2
62580
2
67035
2
72157
2
69020
2
7335
2
61736
2
62386
2
57805
2
16440
2
19689
2
89799
2
65657
2
7320
2
65241
2
99396
2
12846
2
43476
2
56357
2
75415
2
16366
2
2632
2
39608
2
63071
2
73507
2
30634
2
24591
2
58390
2
98208
2
42346
2
50437
2
52463
2
42752
2
17472
2
24619
2
11771
2
24807
2
24182
2
74157
2
20438
2
40622
2
31673
2
48063
2
44105
2
76820
2
13303
2
43501
2
27492
2
56780
2
37684
2
2906
2
10972
2
78143
2
80341
2
11870
2
51649
2
48802
2
74288
2
47866
2
47009
2
16634
2
98303
2
99472
2
97213
2
53601
2
61917
2
8984
2
16235
2
86099
2
20967
2
36673
2
64547
2
90467
2
84737
2
8652
2
67287
2
35866
2
89980
2
32605
2
30472
2
65490
2
35512
2
41445
2
43633
2
15852
2
53315
2
33108
2
64654
2
27602
2
18800
2
49489
2
82063
2
54930
2
86787
2
17102
2
8530
2
48704
2
26086
2
24765
2
72629
2
84880
2
99266
2
75003
2
13173
2
21828
2
83655
2
18286
2
57694
2
11460
2
50891
2
25993
2
76950
2
86403
2
67438
2
58409
2
40082
2
58579
2
29344
2
42562
2
24007
2
85971
2
92052
2
43897
2
40900
2
16664
2
60999
2
87258
2
65368
2
24911
2
49849
2
75824
2
47617
2
49114
2
50826
2
60790
2
8768
2
72307
2
79076
2
4289
2
21593
2
29967
2
30282
2
36369
2
54196
2
97720
2
94779
2
94278
2
94125
2
61949
2
36840
2
18131
2
47919
2
66718
2
99855
2
26646
2
83382
2
60853
2
13903
2
86577
2
85764
2
63752
2
226
2
33381
2
50693
2
51052
2
31997
2
59461
2
61185
2
11073
2
63750
2
82778
2
41040
2
94032
2
19146
2
33062
2
29577
2
51751
2
27340
2
23701
2
51526
2
2006
2
79660
2
99446
2
68724
2
79514
2
26091
2
89932
2
40367
2
77821
2
76508
2
63957
2
79399
2
76734
2
35164
2
30091
2
65612
2
67162
2
89553
2
26796
2
78235
2
91129
2
47400
2
57101
2
85161
2
4373
2
27989
2
52564
2
93951
2
93156
2
76266
2
45477
2
95162
2
93752
2
82749
2
1711
2
73265
2
46666
2
29470
2
51458
2
24486
2
5977
2
53242
2
3884
2
20538
2
88406
2
33976
2
86150
2
93394
2
61355
2
50773
2
9454
2
52483
2
35999
2
4381
2
75470
2
40372
2
32371
2
28034
2
72150
2
25526
2
4299
2
17626
2
58515
2
35877
2
38201
2
98053
2
9141
2
84867
2
27522
2
98427
2
47179
2
71327
2
51668
2
51063
2
91865
2
77900
2
22865
2
15840
2
9120
2
22046
2
66613
2
18574
2
74530
2
40439
2
22956
2
87826
2
18637
2
93154
2
15859
2
90787
2
56506
2
57985
2
46239
2
15020
2
93862
2
84440
2
50900
2
40830
2
7132
2
78422
2
39256
2
54311
2
49748
2
90924
2
43201
2
79439
2
6649
2
3892
2
95280
2
15769
2
25939
2
99719
2
34344
2
38295
2
40157
2
95127
2
26120
2
58795
2
26106
2
41980
2
87408
2
82612
2
99965
2
33647
2
35459
2
31653
2
55913
2
86359
2
72483
2
63046
2
2606
2
11738
2
17356
2
90182
2
40488
2
98384
2
69620
2
47137
2
2276
2
64899
2
733
2
28215
2
64618
2
72904
2
66510
2
42601
2
68030
2
92630
2
1395
2
31962
2
72436
2
88804
2
52400
2
10227
2
60277
2
87859
2
41880
2
16189
2
12043
2
14362
2
17061
2
52477
2
63927
2
72245
2
42658
2
42241
2
70628
2
50104
2
89378
2
72904
2
15003
2
27937
2
1118
2
17447
2
840
2
5454
2
97875
2
6696
2
35911
2
37097
2
38658
2
8346
2
63727
2
91059
2
18573
2
24003
2
16743
2
98280
2
78019
2
66614
2
50468
2
95081
2
19090
2
14394
2
67325
2
99575
2
56635
2
37952
2
49678
2
83840
2
48683
2
2507
2
11776
2
49801
2
57781
2
12617
2
93083
2
55656
2
19313
2
28993
2
92753
2
95799
2
75166
2
94306
2
86857
2
31566
2
18308
2
41426
2
29845
2
96327
2
8039
2
80314
2
29233
2
64956
2
94708
2
96558
2
64530
2
89170
2
72337
2
52035
2
73009
2
21019
2
92369
2
22611
2
8646
2
50150
2
35228
2
1728
2
43632
2
92369
2
68548
2
74211
2
88167
2
43714
2
68516
2
12849
2
75280
2
24650
2
54275
2
5124
2
58803
2
141
2
23264
2
88037
2
65097
2
17972
2
22420
2
67454
2
44968
2
94757
2
57315
2
17976
2
53602
2
49683
2
78414
2
62249
2
37659
2
13642
2
1803
2
19117
2
43837
2
70352
2
31154
2
69830
2
51892
2
37496
2
20505
2
64998
2
99973
2
12606
2
70122
2
58776
2
12747
2
31213
2
84639
2
15671
2
87012
2
7058
2
20951
2
31979
2
39642
2
78266
2
87782
2
31070
2
65775
2
66195
2
93319
2
41261
2
79837
2
95123
2
98205
2
61500
2
3300
2
29359
2
31329
2
55192
2
4681
2
89661
2
20189
2
4654
2
2267
2
28137
2
63430
2
15014
2
59350
2
85895
2
68512
2
46361
2
30779
2
27289
2
78340
2
8247
2
43381
2
66121
2
39318
2
9156
2
70143
2
32636
2
88244
2
49979
2
65585
2
86448
2
49306
2
68885
2
53633
2
18461
2
61903
2
96142
2
8122
2
19918
2
795
2
10389
2
85883
2
2051
2
63230
2
45232
2
87946
2
69569
2
29420
2
18724
2
96858
2
45586
2
64799
2
40239
2
49534
2
4116
2
87222
2
19676
2
36752
2
75465
2
7481
2
40164
2
99739
2
94614
2
9048
2
91199
2
13075
2
8778
2
87340
2
21197
2
28696
2
25961
2
69413
2
14578
2
28012
2
32642
2
97638
2
53784
2
40037
2
64884
2
10334
2
36895
2
48296
2
75133
2
77134
2
97830
2
79249
2
2181
2
55332
2
53828
2
77646
2
62814
2
93992
2
15210
2
57427
2
40866
2
44235
2
8328
2
49644
2
31574
2
67352
2
16167
2
57535
2
36764
2
68572
2
23373
2
7233
2
66209
2
77157
2
47270
4
-1
